2 0.607868 0.748750 0.550572 0.316846
2 0.537198 0.498203 0.415114 0.173464
2 0.257230 0.387745 0.335441 0.154052
2 0.726511 0.388023 0.096160 0.061961
2 0.678889 0.343064 0.077059 0.053219
2 0.090948 0.244861 0.070784 0.052565
1 0.886471 0.096642 0.102810 0.037925
1 0.971912 0.103734 0.056176 0.033971
1 0.980842 0.127721 0.037663 0.023382
2 0.547369 0.302925 0.257745 0.108431
2 0.890923 0.533154 0.105147 0.107418
2 0.963399 0.532116 0.073203 0.132239
2 0.151683 0.122802 0.110915 0.042206
2 0.290000 0.138276 0.047516 0.030408
2 0.502770 0.184877 0.038873 0.036422
2 0.943971 0.619224 0.112059 0.081748
