0 0.167200 0.087510 0.031627 0.050060
0 0.713493 0.077210 0.132107 0.076980
0 0.237027 0.114890 0.032400 0.060300
0 0.430507 0.068940 0.093920 0.071400
0 0.361413 0.227640 0.022027 0.043360
0 0.300413 0.077190 0.114693 0.074380
0 0.500573 0.062980 0.056667 0.066680
0 0.481773 0.154840 0.046587 0.045640
0 0.528480 0.075710 0.082613 0.064780
0 0.562400 0.099470 0.083147 0.053300
0 0.121507 0.220140 0.070267 0.071800
0 0.370320 0.065510 0.052747 0.062740
1 0.285240 0.350890 0.133093 0.073580
2 0.239107 0.376420 0.024347 0.017760
2 0.263053 0.359750 0.026000 0.013660
2 0.236160 0.349670 0.029493 0.022580
2 0.289000 0.375160 0.020613 0.018320
2 0.317773 0.360990 0.024027 0.016060
2 0.342053 0.357450 0.025653 0.015580
2 0.272773 0.343940 0.032693 0.020000
2 0.299320 0.348040 0.022480 0.019040
2 0.247747 0.334280 0.026427 0.021120
0 0.126013 0.131750 0.078693 0.077740
2 0.266240 0.375720 0.032053 0.022920
2 0.290587 0.360880 0.024107 0.013080
