0 0.880648 0.857301 0.237453 0.262921
0 0.779914 0.609790 0.133391 0.162243
0 0.490938 0.744311 0.129031 0.190584
0 0.815680 0.452780 0.131234 0.097523
0 0.606375 0.475164 0.073344 0.084486
0 0.566117 0.611215 0.110953 0.149533
0 0.413656 0.513762 0.161000 0.146729
0 0.250977 0.653727 0.130609 0.155304
0 0.149070 0.609544 0.105141 0.172967
0 0.231258 0.519159 0.159172 0.148178
0 0.456195 0.712734 0.165641 0.188832
2 0.159812 0.231367 0.014344 0.014322
2 0.185016 0.227944 0.014844 0.016075
2 0.054008 0.206904 0.108016 0.070257
0 0.089344 0.446343 0.144313 0.124369
1 0.750289 0.364556 0.046547 0.056168
1 0.804789 0.365222 0.052797 0.057734
1 0.856750 0.355082 0.048313 0.054416
1 0.894836 0.378107 0.051297 0.045374
1 0.899508 0.348131 0.038922 0.048692
1 0.854180 0.387605 0.037391 0.021752
1 0.776305 0.336028 0.033297 0.039439
1 0.821086 0.327231 0.041609 0.033107
1 0.881586 0.326624 0.034922 0.027874
2 0.136555 0.230689 0.013953 0.013621
2 0.150055 0.218446 0.087422 0.048762
0 0.835398 0.651203 0.158422 0.185958
1 0.882680 0.431741 0.041422 0.058341
2 0.088531 0.232605 0.011531 0.015491
