1 0.953047 0.585347 0.093500 0.056083
1 0.874016 0.640931 0.031719 0.045972
2 0.978789 0.571361 0.042359 0.081444
2 0.845133 0.631639 0.027141 0.042611
2 0.943008 0.563458 0.029547 0.049583
2 0.935195 0.598750 0.018453 0.021667
2 0.928031 0.585681 0.021844 0.030194
1 0.956867 0.603681 0.021328 0.021417
1 0.863312 0.675986 0.027750 0.046694
1 0.836500 0.653708 0.036250 0.046361
1 0.845758 0.631417 0.025172 0.040611
1 0.789250 0.664014 0.019938 0.052306
1 0.779594 0.664125 0.021344 0.041417
2 0.824586 0.685292 0.032578 0.049194
2 0.808961 0.639278 0.027172 0.045611
2 0.913414 0.574597 0.014516 0.034861
1 0.821953 0.612417 0.028687 0.046000
