0 0.320473 0.347190 0.365889 0.173020
0 0.459423 0.381300 0.416674 0.097360
1 0.650115 0.524960 0.199446 0.160520
1 0.270196 0.498820 0.214573 0.177720
1 0.614353 0.308260 0.148106 0.131120
1 0.733406 0.368770 0.171155 0.094060
1 0.709446 0.286910 0.100647 0.097980
1 0.734665 0.458950 0.190531 0.146660
2 0.431640 0.676640 0.188037 0.157720
2 0.771778 0.756800 0.114457 0.121160
1 0.146062 0.322450 0.158545 0.157100
1 0.458718 0.542960 0.173372 0.142040
1 0.433395 0.267530 0.140970 0.093500
1 0.108233 0.437100 0.103903 0.124840
1 0.121397 0.539410 0.125335 0.100620
2 0.521559 0.679540 0.067737 0.134480
1 0.541097 0.427450 0.169122 0.136580
2 0.911212 0.625090 0.079192 0.092980
2 0.396651 0.419480 0.135566 0.127280
2 0.875727 0.600790 0.122587 0.101500
2 0.607564 0.657130 0.145150 0.135220
1 0.928476 0.521620 0.038060 0.084640
