0 0.781687 0.067417 0.056156 0.092052
0 0.808781 0.131946 0.040094 0.063467
0 0.676039 0.054351 0.051891 0.085118
0 0.767602 0.030943 0.059297 0.059858
0 0.630891 0.110601 0.031719 0.059835
1 0.612484 0.598974 0.423781 0.802052
2 0.374492 0.588597 0.108078 0.153844
2 0.118258 0.528325 0.127141 0.176509
2 0.281891 0.655436 0.106187 0.175118
2 0.143016 0.735106 0.157812 0.240684
2 0.155352 0.205330 0.113422 0.188585
2 0.191922 0.508502 0.123156 0.166392
2 0.192398 0.363726 0.103266 0.153113
2 0.073055 0.352807 0.144016 0.196226
2 0.061195 0.701144 0.122391 0.571439
2 0.240687 0.883408 0.308406 0.211816
