2 0.718507 0.856188 0.122317 0.068656
1 0.303862 0.815188 0.070063 0.050562
1 0.218330 0.786281 0.066388 0.048875
1 0.199353 0.688656 0.068017 0.048781
1 0.513925 0.828883 0.064676 0.046453
1 0.332954 0.763297 0.062651 0.057875
1 0.307756 0.931461 0.075052 0.074172
1 0.501044 0.949328 0.075240 0.058562
1 0.096399 0.614125 0.073967 0.047844
1 0.149927 0.643047 0.065616 0.047438
1 0.447422 0.810062 0.072004 0.045812
1 0.313768 0.752805 0.615511 0.462922
2 0.740543 0.906234 0.122422 0.081969
2 0.663257 0.936211 0.141587 0.092734
2 0.872954 0.893930 0.128205 0.063609
2 0.824927 0.953773 0.219207 0.092453
2 0.692777 0.991555 0.112610 0.016891
2 0.630762 0.855133 0.099395 0.069141
