0 0.273711 0.665917 0.140109 0.182375
0 0.451617 0.669344 0.037172 0.141771
0 0.606773 0.609625 0.083547 0.159000
0 0.664633 0.661542 0.035078 0.159458
0 0.804516 0.572458 0.114000 0.137917
1 0.083273 0.125646 0.050828 0.043250
1 0.129453 0.173948 0.032625 0.037479
1 0.013539 0.260875 0.027078 0.042167
1 0.059836 0.323219 0.035391 0.058438
1 0.082781 0.279021 0.029375 0.038750
1 0.074180 0.247719 0.032578 0.037896
1 0.020594 0.425073 0.032375 0.048479
1 0.024617 0.395729 0.022328 0.025875
1 0.012242 0.295073 0.024484 0.035104
2 0.126148 0.218792 0.044672 0.051917
2 0.091539 0.216271 0.036328 0.045125
0 0.379047 0.667219 0.093281 0.208021
0 0.559086 0.661042 0.077922 0.194792
0 0.260937 0.267000 0.193000 0.138750
0 0.833234 0.580792 0.108531 0.145833
0 0.527828 0.595479 0.039000 0.130000
0 0.946695 0.671062 0.106609 0.199042
1 0.095555 0.177979 0.029109 0.039875
1 0.070016 0.169958 0.046875 0.050000
1 0.107805 0.288917 0.032766 0.039708
2 0.071758 0.204427 0.026109 0.030729
2 0.044500 0.202010 0.030406 0.035687
0 0.693258 0.652990 0.047172 0.128979
0 0.837242 0.682969 0.137516 0.193646
