0 0.495380 0.275285 0.266400 0.550571
0 0.708970 0.193664 0.051460 0.195616
0 0.496850 0.829760 0.176420 0.210691
0 0.802050 0.376006 0.033620 0.114595
0 0.742330 0.240450 0.263420 0.476396
0 0.185170 0.223093 0.259820 0.446186
0 0.924000 0.235360 0.033000 0.105856
0 0.881010 0.290360 0.052340 0.174955
2 0.131850 0.772568 0.262660 0.454865
2 0.197080 0.774505 0.059400 0.085646
2 0.223450 0.829084 0.057340 0.081592
2 0.362110 0.847958 0.275900 0.304084
0 0.032870 0.140255 0.065740 0.275345
0 0.927890 0.119790 0.138740 0.239580
1 0.970350 0.560751 0.059300 0.096156
1 0.852030 0.706486 0.295940 0.555856
1 0.905470 0.874640 0.083140 0.112342
1 0.337440 0.731486 0.058040 0.086156
