0 0.925788 0.753812 0.146729 0.083250
0 0.757118 0.774430 0.210518 0.127609
0 0.690494 0.624328 0.143012 0.057875
0 0.517071 0.669281 0.084965 0.073344
0 0.923800 0.820594 0.152400 0.056469
0 0.614929 0.676047 0.106000 0.033187
0 0.794365 0.686781 0.210988 0.110969
0 0.945353 0.799250 0.109294 0.021281
0 0.491788 0.604727 0.142447 0.049547
0 0.710976 0.686945 0.090847 0.044672
0 0.618694 0.691219 0.131459 0.029687
1 0.574294 0.387109 0.086847 0.019938
1 0.521718 0.376297 0.066071 0.029844
1 0.598435 0.374820 0.063035 0.020453
1 0.542765 0.403219 0.024541 0.013156
1 0.609529 0.410070 0.105129 0.022141
1 0.501012 0.408266 0.020329 0.008438
1 0.403271 0.526437 0.250635 0.109031
2 0.676106 0.473875 0.040400 0.017031
2 0.744447 0.481008 0.035106 0.011797
2 0.661588 0.496453 0.032165 0.008500
2 0.689847 0.491453 0.036212 0.015625
2 0.742600 0.495695 0.036400 0.016672
2 0.782129 0.496359 0.037671 0.016500
2 0.806600 0.488875 0.031600 0.014781
2 0.851365 0.490664 0.027482 0.011047
2 0.875906 0.485195 0.022729 0.011422
2 0.811365 0.478492 0.038776 0.017172
2 0.834565 0.488547 0.097459 0.035375
2 0.878094 0.493484 0.020141 0.008406
0 0.623824 0.682133 0.135694 0.080141
1 0.729318 0.384586 0.025224 0.016766
2 0.597776 0.351492 0.020776 0.008891
