2 0.790527 0.553016 0.058759 0.032250
2 0.824906 0.561164 0.032295 0.016703
2 0.854438 0.561562 0.027705 0.018844
0 0.720293 0.850828 0.099321 0.072875
0 0.709707 0.759961 0.221382 0.114453
0 0.913009 0.861133 0.056885 0.063859
0 0.589426 0.914039 0.127986 0.114609
0 0.415363 0.925461 0.065574 0.035703
0 0.877963 0.756672 0.163513 0.117562
0 0.102787 0.920117 0.048197 0.057016
0 0.113923 0.876961 0.070328 0.040172
2 0.045234 0.968898 0.090468 0.062203
2 0.878068 0.561055 0.023864 0.019578
0 0.429543 0.788125 0.318899 0.122188
0 0.885527 0.673930 0.198267 0.040266
0 0.225047 0.965602 0.396698 0.068797
0 0.583958 0.854539 0.365948 0.145453
1 0.830796 0.593344 0.040375 0.018969
1 0.886522 0.576539 0.026862 0.017922
1 0.798525 0.590555 0.040141 0.021578
1 0.869063 0.591391 0.034192 0.022812
1 0.844227 0.573672 0.034356 0.020563
1 0.808700 0.572141 0.039649 0.021594
1 0.774813 0.589234 0.025129 0.021813
0 0.288618 0.886492 0.314520 0.118984
