1 0.308570 0.400869 0.079641 0.072770
0 0.519844 0.732864 0.071469 0.154131
0 0.350719 0.937113 0.143281 0.103146
0 0.312063 0.825892 0.111437 0.183615
0 0.487703 0.813075 0.089000 0.099577
0 0.839203 0.523862 0.117687 0.133498
0 0.203422 0.915681 0.117000 0.168638
0 0.062258 0.698263 0.048828 0.140845
0 0.455844 0.672488 0.067094 0.168310
0 0.578398 0.689707 0.068578 0.143592
0 0.172148 0.673744 0.091516 0.093592
0 0.101648 0.636831 0.040891 0.116808
0 0.559531 0.785106 0.063656 0.088427
1 0.131602 0.447371 0.221859 0.108169
0 0.414641 0.777817 0.063062 0.121596
