0 0.427313 0.087916 0.121687 0.175831
0 0.333594 0.210867 0.102906 0.071803
0 0.745781 0.248407 0.040844 0.122436
0 0.521422 0.065258 0.072875 0.129297
0 0.670820 0.284801 0.037453 0.090773
1 0.332109 0.832939 0.101906 0.108735
1 0.365898 0.880632 0.452297 0.213958
1 0.276797 0.724368 0.094656 0.124895
1 0.175031 0.717845 0.095094 0.122717
1 0.134148 0.694063 0.076359 0.116417
1 0.054734 0.681171 0.088906 0.114473
1 0.323945 0.582400 0.067266 0.114309
1 0.485422 0.522892 0.083344 0.070937
1 0.853797 0.895328 0.121656 0.121335
1 0.350055 0.755925 0.055891 0.047728
1 0.274344 0.606756 0.042719 0.077822
2 0.846750 0.270890 0.300875 0.321593
2 0.804406 0.549766 0.391188 0.357658
2 0.644141 0.717693 0.456656 0.368080
2 0.080273 0.491944 0.070484 0.101733
2 0.108805 0.572061 0.063297 0.090351
2 0.174320 0.570222 0.069828 0.079227
2 0.033117 0.575328 0.066234 0.107939
2 0.667188 0.952447 0.127562 0.069766
0 0.465695 0.120925 0.104734 0.113091
0 0.629031 0.327963 0.040875 0.090304
1 0.554531 0.510422 0.077250 0.092646
