1 0.411086 0.934625 0.140484 0.130749
0 0.081711 0.319098 0.160422 0.449438
0 0.873297 0.547190 0.162625 0.212553
0 0.877344 0.386616 0.092844 0.149719
2 0.286555 0.906546 0.054516 0.091920
2 0.232992 0.915316 0.057047 0.083185
2 0.260125 0.917974 0.259375 0.137073
2 0.821258 0.961581 0.052141 0.076838
2 0.338875 0.942576 0.041313 0.063794
2 0.784602 0.980550 0.043922 0.038899
0 0.385453 0.378115 0.128937 0.390656
0 0.537039 0.318267 0.186078 0.260468
0 0.679367 0.377061 0.120203 0.253700
0 0.859023 0.434532 0.163234 0.267518
0 0.681922 0.577916 0.060656 0.210398
0 0.771125 0.418361 0.094281 0.283794
0 0.606727 0.558923 0.071172 0.196159
0 0.641453 0.554180 0.072625 0.190843
0 0.745195 0.549602 0.067172 0.058173
1 0.114648 0.958583 0.038766 0.058759
1 0.100250 0.973009 0.118438 0.053981
1 0.022328 0.978852 0.043812 0.042295
