0 0.786117 0.815258 0.100234 0.060539
0 0.738398 0.867412 0.091453 0.076417
0 0.528203 0.880082 0.094500 0.092951
0 0.522625 0.796276 0.086219 0.056206
0 0.398344 0.646429 0.118031 0.132670
0 0.680812 0.819087 0.070594 0.031194
0 0.654961 0.911464 0.047297 0.047237
0 0.175109 0.903419 0.064906 0.107541
0 0.232672 0.972951 0.053375 0.049227
0 0.078969 0.704204 0.157938 0.273466
0 0.683539 0.803337 0.066672 0.048454
0 0.445180 0.832061 0.035828 0.047916
1 0.059859 0.459274 0.119719 0.090070
1 0.450117 0.596253 0.097828 0.090539
2 0.153469 0.482096 0.025938 0.034731
2 0.051484 0.299297 0.052312 0.130351
2 0.123227 0.473782 0.029297 0.029063
2 0.121164 0.519590 0.022016 0.048595
2 0.089750 0.304813 0.041125 0.116979
2 0.103242 0.259918 0.045766 0.099977
2 0.037781 0.278068 0.041563 0.096042
0 0.561406 0.275703 0.029906 0.051967
