0 0.426406 0.175229 0.021438 0.075708
0 0.325508 0.126802 0.057172 0.070438
0 0.286398 0.134563 0.026078 0.070167
0 0.440273 0.119135 0.065828 0.094812
0 0.486531 0.163094 0.058688 0.067479
0 0.451602 0.177000 0.010578 0.028208
0 0.413719 0.182396 0.015344 0.075417
0 0.300492 0.206979 0.037297 0.070875
0 0.358094 0.165708 0.021500 0.058125
2 0.572539 0.338813 0.020141 0.022333
2 0.451289 0.281521 0.016422 0.019458
2 0.469758 0.296531 0.016328 0.022062
2 0.519164 0.326656 0.100828 0.061312
2 0.483555 0.289458 0.012578 0.017583
2 0.437336 0.297427 0.015422 0.021729
2 0.466547 0.281969 0.015031 0.014104
0 0.396516 0.109469 0.038094 0.100062
1 0.398031 0.395969 0.014375 0.026396
1 0.342602 0.342750 0.016766 0.020458
1 0.558961 0.412552 0.018922 0.026521
1 0.373250 0.343354 0.063281 0.051917
1 0.571445 0.394229 0.018047 0.031542
1 0.444953 0.432552 0.022969 0.028854
1 0.546867 0.402948 0.018422 0.026646
2 0.573578 0.290500 0.064938 0.045833
2 0.438695 0.280469 0.013891 0.016521
1 0.552141 0.441208 0.016969 0.023750
1 0.334930 0.394719 0.088359 0.062812
1 0.740578 0.603062 0.047063 0.072750
1 0.272398 0.476792 0.016328 0.014333
2 0.453844 0.304708 0.036625 0.035458
2 0.700336 0.461448 0.023297 0.028313
2 0.565578 0.313229 0.020844 0.024792
0 0.285070 0.198906 0.032016 0.064562
0 0.531680 0.202792 0.013516 0.047083
