1 0.874550 0.624730 0.249140 0.250140
1 0.374180 0.125880 0.258960 0.251760
1 0.623530 0.625880 0.258820 0.263520
1 0.126160 0.125570 0.252320 0.251140
2 0.166910 0.952460 0.132420 0.095080
2 0.679040 0.085280 0.109640 0.112640
2 0.603400 0.043520 0.105640 0.082000
2 0.592620 0.129040 0.088920 0.097640
2 0.670190 0.204200 0.127940 0.095520
2 0.544360 0.198590 0.087160 0.106100
2 0.528160 0.097240 0.057440 0.095720
2 0.524070 0.028880 0.045980 0.057760
2 0.179740 0.834380 0.108040 0.118200
2 0.044150 0.947140 0.088300 0.105720
2 0.140500 0.926170 0.098680 0.095140
2 0.639980 0.179320 0.098840 0.097480
2 0.732600 0.135250 0.039760 0.089820
