1 0.644688 0.460602 0.056125 0.032016
1 0.902135 0.289094 0.052521 0.036500
1 0.685052 0.335688 0.043396 0.035406
1 0.467677 0.362812 0.097646 0.055031
1 0.356823 0.463789 0.113396 0.091422
1 0.401615 0.484797 0.044646 0.027125
1 0.799687 0.433305 0.060875 0.031609
1 0.433000 0.590812 0.061292 0.036187
1 0.864208 0.494203 0.080292 0.039625
1 0.965708 0.451695 0.060000 0.042047
1 0.678458 0.520664 0.174083 0.085172
1 0.872104 0.414820 0.064917 0.034953
0 0.563135 0.158898 0.069146 0.035641
1 0.568146 0.441445 0.049125 0.035953
