0 0.524891 0.511542 0.053187 0.076682
0 0.696703 0.643505 0.094844 0.070421
0 0.226406 0.560327 0.087906 0.050607
0 0.464156 0.706402 0.107750 0.099953
0 0.363391 0.747652 0.088063 0.041659
0 0.675703 0.722044 0.120781 0.075304
2 0.583586 0.675572 0.153641 0.135771
2 0.246727 0.633143 0.139922 0.105771
2 0.493453 0.580082 0.105625 0.144556
2 0.551477 0.459264 0.102547 0.121332
2 0.691031 0.581005 0.098656 0.086963
2 0.408563 0.497126 0.074938 0.106589
2 0.530023 0.747231 0.158766 0.066051
2 0.406156 0.575175 0.052594 0.083481
