0 0.527687 0.046753 0.015281 0.047953
0 0.303078 0.064624 0.103656 0.125200
0 0.369719 0.045306 0.068031 0.089435
0 0.756047 0.025447 0.063875 0.050471
0 0.646039 0.040812 0.047297 0.081624
0 0.546930 0.061659 0.056609 0.104353
0 0.234406 0.072247 0.062562 0.143271
0 0.729719 0.031000 0.039781 0.054141
0 0.835523 0.033306 0.040141 0.066612
0 0.837039 0.051365 0.067328 0.102541
2 0.544203 0.605953 0.045719 0.056612
2 0.522641 0.662588 0.144531 0.255341
0 0.500977 0.038776 0.047703 0.077553
0 0.953828 0.036247 0.092344 0.072494
0 0.408750 0.027424 0.083187 0.053294
