0 0.611891 0.741573 0.086781 0.043562
0 0.275164 0.822562 0.136453 0.147417
0 0.370172 0.777260 0.089188 0.120271
0 0.453187 0.817990 0.026844 0.126354
0 0.495828 0.826510 0.228906 0.281646
0 0.686188 0.847948 0.179875 0.199813
0 0.792188 0.800604 0.047813 0.084250
0 0.906625 0.807813 0.028750 0.085833
0 0.638242 0.701698 0.055172 0.049063
0 0.563594 0.661667 0.042188 0.068333
0 0.628852 0.611260 0.024703 0.048937
0 0.609070 0.623260 0.020141 0.059479
0 0.468336 0.575323 0.026797 0.048729
0 0.406719 0.546125 0.076531 0.076542
0 0.510758 0.659573 0.063703 0.059854
0 0.464367 0.623323 0.011766 0.036437
