1 0.404586 0.536031 0.144922 0.361104
1 0.606883 0.546073 0.129484 0.379062
1 0.846219 0.538010 0.132937 0.338687
1 0.180523 0.502521 0.145141 0.388833
1 0.023594 0.487260 0.040438 0.314604
1 0.458703 0.277094 0.055813 0.136063
1 0.505867 0.542729 0.139266 0.369125
1 0.899227 0.284875 0.054266 0.125167
1 0.633898 0.233177 0.041297 0.025438
1 0.549008 0.229510 0.040078 0.032063
2 0.081086 0.514688 0.136016 0.336250
2 0.732000 0.473208 0.020938 0.025833
2 0.334352 0.422708 0.019922 0.024542
2 0.295922 0.452927 0.019875 0.026729
2 0.267398 0.528562 0.018234 0.025958
