0 0.340648 0.449296 0.045672 0.049155
0 0.482383 0.496526 0.016359 0.026526
0 0.560539 0.470364 0.036891 0.045939
0 0.447141 0.493181 0.049125 0.048239
0 0.525453 0.441326 0.064219 0.068239
0 0.614781 0.486819 0.006844 0.018239
0 0.631344 0.500845 0.030125 0.046808
0 0.428188 0.441866 0.046594 0.049038
0 0.391203 0.471831 0.007250 0.011596
0 0.379539 0.431115 0.008078 0.009272
0 0.470125 0.456467 0.015094 0.013498
0 0.475859 0.440599 0.013437 0.023685
0 0.429633 0.489202 0.021703 0.023662
0 0.595555 0.492160 0.041859 0.052629
