0 0.307031 0.657676 0.094750 0.188686
1 0.214305 0.506740 0.102453 0.155036
1 0.118281 0.368041 0.139969 0.177007
1 0.098164 0.497749 0.145766 0.175012
1 0.295852 0.400560 0.100141 0.142482
1 0.379453 0.537859 0.095437 0.157762
1 0.215211 0.377299 0.080609 0.154404
1 0.159125 0.834708 0.164813 0.271071
1 0.504070 0.555852 0.109047 0.125912
2 0.298727 0.855049 0.158734 0.244939
2 0.147922 0.678650 0.165969 0.211217
1 0.306914 0.516886 0.110078 0.150657
1 0.475383 0.463625 0.103422 0.158443
1 0.056773 0.828248 0.113547 0.341557
