2 0.086625 0.363782 0.060281 0.272061
1 0.650617 0.366733 0.106297 0.168970
1 0.864531 0.184215 0.139500 0.206792
1 0.946789 0.546066 0.106422 0.233724
1 0.713688 0.648759 0.113000 0.169368
1 0.732383 0.281569 0.101891 0.158642
1 0.622461 0.240059 0.106266 0.147002
1 0.673953 0.503384 0.100687 0.171171
1 0.909664 0.365187 0.157703 0.234637
1 0.788633 0.905621 0.164922 0.188759
1 0.500820 0.440269 0.329266 0.683115
1 0.749500 0.413489 0.084906 0.148056
1 0.285641 0.367084 0.073156 0.104426
1 0.696875 0.148021 0.098062 0.133419
