0 0.231023 0.504198 0.027953 0.066146
0 0.243438 0.493312 0.025594 0.062375
0 0.177023 0.509625 0.041016 0.074250
0 0.838234 0.464177 0.049844 0.032271
0 0.201477 0.514323 0.046922 0.071354
0 0.177344 0.489740 0.061875 0.076062
2 0.688180 0.480198 0.013734 0.011562
0 0.220359 0.497760 0.018969 0.073604
1 0.140789 0.610458 0.037766 0.052417
1 0.165336 0.644760 0.045234 0.057854
1 0.204766 0.637813 0.036781 0.049042
1 0.188391 0.607083 0.034094 0.035250
1 0.199141 0.570479 0.030625 0.043042
1 0.267672 0.622333 0.040750 0.049000
1 0.156742 0.735948 0.053922 0.051687
1 0.247094 0.590875 0.029687 0.041917
1 0.228867 0.675937 0.033547 0.053833
1 0.195484 0.682583 0.041625 0.050375
1 0.257969 0.667083 0.035250 0.048958
2 0.086094 0.510958 0.035813 0.045167
2 0.104602 0.545646 0.028234 0.033708
2 0.117086 0.513844 0.026203 0.024979
1 0.190781 0.729156 0.034594 0.044646
2 0.575781 0.621865 0.025469 0.033271
2 0.557844 0.654188 0.017813 0.031250
2 0.626039 0.607198 0.024109 0.033479
2 0.625133 0.574958 0.022922 0.035000
2 0.603227 0.549750 0.027109 0.033167
2 0.594992 0.570979 0.088422 0.140000
2 0.108266 0.498125 0.030719 0.036833
1 0.146711 0.692542 0.063047 0.121500
