2 0.370336 0.121503 0.050422 0.093931
2 0.337836 0.094191 0.046578 0.084335
2 0.479570 0.080000 0.058516 0.098844
2 0.415414 0.068121 0.048484 0.089075
2 0.378609 0.054928 0.040188 0.070665
2 0.515797 0.114162 0.037000 0.053699
2 0.388000 0.154451 0.025031 0.088613
2 0.435789 0.043902 0.013422 0.026243
0 0.570383 0.728526 0.132422 0.307861
0 0.904484 0.789884 0.154281 0.321329
0 0.782250 0.747572 0.128750 0.307688
0 0.703414 0.769668 0.182234 0.285405
0 0.311625 0.719090 0.088688 0.247197
0 0.246758 0.639003 0.085672 0.229855
0 0.112914 0.667240 0.080141 0.257775
0 0.057703 0.608988 0.088688 0.251676
0 0.621109 0.559393 0.098844 0.144566
0 0.297492 0.463974 0.151234 0.244191
0 0.694914 0.585029 0.143359 0.217977
2 0.321391 0.153902 0.055844 0.054277
2 0.359398 0.170737 0.028547 0.056618
2 0.372305 0.194205 0.032734 0.032630
0 0.473602 0.666936 0.130766 0.306705
2 0.513656 0.058165 0.054469 0.073728
0 0.435609 0.541662 0.079281 0.239682
2 0.458969 0.055997 0.039406 0.078121
