0 0.096289 0.638510 0.081078 0.173437
0 0.461398 0.316698 0.083672 0.078188
0 0.682586 0.113146 0.026078 0.056167
2 0.416875 0.798146 0.042031 0.062583
2 0.449828 0.636042 0.034281 0.041417
2 0.562836 0.702719 0.041078 0.023604
2 0.819758 0.655635 0.134953 0.097354
2 0.366859 0.776292 0.118250 0.130167
2 0.507266 0.676656 0.039594 0.051979
2 0.533664 0.692479 0.039172 0.038542
2 0.561953 0.672917 0.033875 0.039042
2 0.376867 0.696625 0.042672 0.048083
2 0.470664 0.797427 0.049266 0.062312
2 0.441477 0.680885 0.041578 0.050312
2 0.403039 0.677938 0.039047 0.048417
2 0.392844 0.665854 0.142031 0.112708
0 0.627484 0.120104 0.039938 0.061375
0 0.649523 0.127146 0.021734 0.060000
0 0.663289 0.122135 0.024047 0.091438
0 0.960227 0.909479 0.079547 0.104875
0 0.518805 0.751229 0.059234 0.087292
0 0.717352 0.757417 0.115484 0.070542
1 0.242438 0.759187 0.048969 0.054542
1 0.272820 0.654323 0.027609 0.027312
1 0.194406 0.715125 0.043000 0.052292
1 0.206508 0.702865 0.229109 0.261854
1 0.617539 0.775917 0.035359 0.052000
0 0.640336 0.139562 0.030828 0.061417
0 0.555766 0.754740 0.041875 0.083729
1 0.679391 0.639354 0.152156 0.157083
1 0.219813 0.937937 0.219281 0.123500
1 0.634305 0.798312 0.202203 0.093125
1 0.494336 0.193635 0.107141 0.067687
2 0.464961 0.823552 0.083328 0.032521
