0 0.549789 0.680969 0.026141 0.036813
0 0.603187 0.626469 0.020375 0.037854
0 0.601656 0.612937 0.014500 0.016000
1 0.296289 0.665417 0.027141 0.036708
1 0.459461 0.707812 0.031672 0.035958
2 0.458375 0.707240 0.031750 0.033521
2 0.516703 0.721271 0.012063 0.012667
2 0.526914 0.718781 0.009141 0.015437
2 0.412734 0.520323 0.004875 0.008354
2 0.390094 0.524438 0.007719 0.008917
2 0.445742 0.511417 0.007672 0.008167
2 0.437961 0.518427 0.012234 0.011562
2 0.417938 0.518406 0.044594 0.027896
2 0.436875 0.506854 0.004938 0.007542
2 0.442031 0.506917 0.006625 0.006375
0 0.597461 0.628781 0.014703 0.015063
1 0.339242 0.682406 0.030984 0.035188
1 0.443055 0.416885 0.023422 0.029771
1 0.516859 0.707531 0.031906 0.037354
1 0.371000 0.555594 0.010187 0.014021
