0 0.556990 0.282952 0.052820 0.066819
0 0.562860 0.237747 0.067600 0.057373
0 0.555580 0.317940 0.077400 0.122289
1 0.405530 0.515000 0.176660 0.074337
0 0.627440 0.284349 0.051880 0.051735
0 0.662350 0.278651 0.047380 0.046988
0 0.656270 0.314096 0.041060 0.039084
1 0.316220 0.547771 0.048200 0.052265
1 0.295750 0.521627 0.034300 0.022723
1 0.280040 0.541361 0.036240 0.044410
1 0.245150 0.560964 0.024420 0.017590
0 0.572870 0.268277 0.042860 0.023735
0 0.658840 0.283325 0.046400 0.049157
0 0.635470 0.319590 0.027060 0.028530
0 0.602920 0.304048 0.085640 0.120578
