0 0.499805 0.705104 0.459234 0.585625
0 0.798977 0.427125 0.064734 0.103333
0 0.591437 0.669781 0.044000 0.147187
0 0.641195 0.163510 0.019609 0.056813
0 0.793352 0.305250 0.178203 0.179083
0 0.492000 0.239250 0.053719 0.064792
0 0.476133 0.193187 0.046484 0.092542
0 0.649430 0.192677 0.013703 0.075312
0 0.678516 0.177750 0.064375 0.146500
0 0.607961 0.171937 0.023609 0.081167
0 0.618406 0.196063 0.026781 0.077292
1 0.846906 0.443917 0.038781 0.038792
2 0.719281 0.414073 0.035656 0.044271
2 0.471641 0.397344 0.041938 0.039562
2 0.014453 0.525052 0.028906 0.042146
2 0.031375 0.443760 0.031438 0.040396
2 0.036328 0.507396 0.018937 0.045792
2 0.058828 0.398521 0.033250 0.044333
2 0.040016 0.419771 0.026094 0.033125
2 0.088305 0.406062 0.027391 0.041583
2 0.068828 0.439885 0.043750 0.044604
2 0.060156 0.473000 0.029094 0.038792
0 0.505156 0.170646 0.049062 0.094792
1 0.317211 0.155198 0.029641 0.037771
1 0.437336 0.229875 0.033109 0.044167
1 0.292750 0.157115 0.021937 0.028813
1 0.354453 0.175552 0.219594 0.124812
2 0.685187 0.394896 0.042406 0.057208
2 0.691953 0.484646 0.039125 0.048750
0 0.542375 0.172844 0.062469 0.163812
2 0.015172 0.483906 0.030344 0.046854
