0 0.123439 0.933563 0.154155 0.132875
0 0.109190 0.842437 0.127019 0.051125
0 0.176538 0.820664 0.056690 0.019141
0 0.188192 0.855617 0.057465 0.050266
0 0.456045 0.943633 0.075751 0.044172
0 0.103932 0.549352 0.050681 0.015984
0 0.060904 0.489641 0.121808 0.055688
0 0.943075 0.723602 0.049343 0.023141
0 0.091585 0.800320 0.161432 0.084609
0 0.074202 0.458188 0.148404 0.228375
0 0.046174 0.931312 0.090939 0.136094
0 0.101749 0.604648 0.108333 0.093453
0 0.344519 0.747734 0.185141 0.191062
0 0.834894 0.716719 0.065329 0.019500
