1 0.708055 0.283052 0.218547 0.204271
0 0.411234 0.198198 0.101125 0.119104
0 0.547953 0.185917 0.171375 0.188167
0 0.401820 0.307344 0.116391 0.107104
0 0.345766 0.247771 0.066344 0.067250
2 0.203273 0.231979 0.296891 0.285583
2 0.179000 0.278094 0.113781 0.194854
1 0.799469 0.221365 0.103156 0.153354
1 0.752188 0.135448 0.099875 0.119646
1 0.691156 0.138167 0.102375 0.111875
1 0.913742 0.298708 0.127453 0.114292
1 0.930016 0.378000 0.104406 0.133458
1 0.850391 0.373823 0.057656 0.154396
1 0.798859 0.439792 0.101406 0.118750
1 0.860086 0.485115 0.111797 0.113687
1 0.728695 0.432052 0.076109 0.177104
1 0.862812 0.232635 0.065312 0.090021
1 0.823523 0.149854 0.126234 0.103833
1 0.820367 0.325135 0.033828 0.078646
