0 0.671542 0.128078 0.095292 0.048938
0 0.722646 0.141922 0.182875 0.032438
2 0.755635 0.626516 0.188188 0.106844
2 0.652542 0.363250 0.351375 0.223531
2 0.440781 0.829414 0.216479 0.185891
2 0.240000 0.829141 0.178833 0.152938
2 0.311896 0.705141 0.203208 0.122156
2 0.141177 0.961602 0.260229 0.076797
2 0.298302 0.598875 0.189188 0.124375
2 0.447188 0.564992 0.166292 0.115578
2 0.510646 0.723320 0.195417 0.138766
2 0.524146 0.644133 0.193917 0.091359
2 0.629021 0.583477 0.149792 0.111891
2 0.798740 0.737023 0.207562 0.127359
2 0.828635 0.570703 0.180771 0.104531
