0 0.291219 0.636348 0.135937 0.150637
0 0.355820 0.562635 0.103047 0.141838
0 0.773320 0.159449 0.040547 0.093015
0 0.814352 0.140478 0.033891 0.093505
0 0.796656 0.096164 0.025844 0.081103
1 0.360539 0.766520 0.056953 0.091078
1 0.149164 0.736765 0.203047 0.331127
1 0.187375 0.722157 0.060062 0.093186
2 0.738000 0.622353 0.072000 0.087059
2 0.889391 0.695968 0.066000 0.104289
2 0.854406 0.766238 0.060031 0.087770
2 0.959914 0.833529 0.071672 0.089020
2 0.893602 0.835968 0.064078 0.108946
2 0.828906 0.838248 0.065656 0.096103
2 0.750414 0.832328 0.071484 0.098971
2 0.853180 0.691373 0.242172 0.249461
2 0.972672 0.623542 0.035656 0.062917
0 0.417078 0.637414 0.113844 0.111593
0 0.765930 0.088358 0.039016 0.118039
0 0.796523 0.199583 0.031672 0.082010
1 0.868266 0.238284 0.056437 0.078137
