1 0.469734 0.322448 0.017500 0.016271
1 0.478352 0.232521 0.050797 0.086042
1 0.473742 0.154552 0.049828 0.070396
1 0.779836 0.467208 0.022891 0.024458
1 0.787617 0.445177 0.017516 0.027687
1 0.614547 0.336729 0.012094 0.011833
1 0.577000 0.210302 0.061500 0.100979
2 0.851187 0.388677 0.026250 0.040354
2 0.821945 0.390667 0.031266 0.028833
1 0.489445 0.324187 0.065297 0.115417
1 0.368711 0.254771 0.014984 0.014500
1 0.354719 0.314510 0.010875 0.011771
2 0.794578 0.342938 0.027250 0.026500
2 0.820094 0.341302 0.023125 0.023188
2 0.424383 0.343115 0.025609 0.022771
2 0.454445 0.318312 0.016359 0.019458
2 0.413734 0.326802 0.019781 0.016521
1 0.491844 0.485885 0.028000 0.030187
1 0.428266 0.230094 0.051000 0.077312
2 0.787867 0.330354 0.077391 0.115750
2 0.737406 0.218833 0.026156 0.029625
2 0.431813 0.370458 0.018688 0.016500
2 0.438289 0.317667 0.017672 0.022083
1 0.592961 0.293865 0.060328 0.049396
2 0.450367 0.328802 0.016609 0.012313
2 0.829250 0.357469 0.034469 0.048354
