1 0.215797 0.812833 0.029125 0.038458
1 0.505617 0.825198 0.016578 0.022104
1 0.130992 0.856771 0.032422 0.036875
1 0.553609 0.729042 0.008687 0.011750
1 0.192930 0.814854 0.022047 0.035042
1 0.149688 0.887771 0.222625 0.202292
1 0.586148 0.762562 0.061891 0.078750
1 0.534281 0.803917 0.083562 0.079708
1 0.556781 0.772698 0.080531 0.095854
1 0.623977 0.739365 0.064797 0.066562
2 0.517383 0.750729 0.014328 0.017583
2 0.541742 0.734438 0.017297 0.016542
2 0.562055 0.773563 0.013516 0.014958
2 0.437688 0.876500 0.016781 0.021583
1 0.389469 0.826615 0.016844 0.014979
1 0.419195 0.844000 0.015984 0.019875
1 0.411078 0.863281 0.071500 0.066687
