2 0.338000 0.951400 0.141906 0.096494
2 0.195422 0.969588 0.039000 0.040212
2 0.133922 0.968765 0.040219 0.056447
2 0.213664 0.956753 0.133328 0.085882
0 0.192430 0.595659 0.139828 0.085529
0 0.215344 0.603635 0.036812 0.037859
0 0.242070 0.591718 0.026797 0.040753
0 0.265516 0.572847 0.039875 0.028941
0 0.268227 0.601141 0.033297 0.034471
0 0.305188 0.596576 0.038437 0.042141
0 0.324750 0.594341 0.039875 0.039600
0 0.324117 0.691729 0.039922 0.029906
0 0.227500 0.608718 0.071844 0.070424
0 0.294047 0.715141 0.032781 0.030329
0 0.312695 0.696788 0.039984 0.028635
0 0.238906 0.716824 0.050000 0.030024
0 0.262289 0.696447 0.037547 0.038682
