0 0.737606 0.605602 0.073005 0.014891
0 0.737101 0.622922 0.073075 0.016656
0 0.790892 0.636609 0.065070 0.028875
0 0.817817 0.645438 0.071737 0.028437
0 0.750235 0.636703 0.107371 0.052062
0 0.881232 0.628555 0.106268 0.044297
1 0.493533 0.587492 0.103826 0.036766
0 0.739085 0.615117 0.073099 0.019078
0 0.709554 0.639828 0.040563 0.022156
1 0.431232 0.573258 0.028146 0.026828
2 0.946901 0.651492 0.106197 0.035766
0 0.844636 0.650383 0.039366 0.027578
2 0.765153 0.733570 0.036878 0.024922
2 0.654472 0.587711 0.091714 0.029547
2 0.701890 0.707102 0.149366 0.045422
2 0.892676 0.722320 0.036995 0.017141
2 0.669683 0.669117 0.034531 0.016422
2 0.815880 0.718508 0.045000 0.025547
2 0.933110 0.747375 0.057817 0.023938
2 0.816890 0.746359 0.033545 0.019031
2 0.835434 0.730234 0.032089 0.024313
2 0.900117 0.763062 0.181174 0.055563
2 0.788005 0.729297 0.157512 0.047438
2 0.549437 0.687367 0.102019 0.071859
