0 0.914828 0.248740 0.084000 0.091521
0 0.281852 0.132896 0.037391 0.130833
0 0.725523 0.097219 0.052953 0.076854
0 0.710344 0.152406 0.100625 0.120854
0 0.624297 0.081687 0.133094 0.152125
0 0.564039 0.093938 0.129172 0.187000
0 0.309664 0.105354 0.044641 0.108125
0 0.137313 0.182052 0.042656 0.104229
0 0.055336 0.196188 0.035172 0.080583
0 0.239969 0.130833 0.043812 0.121125
0 0.624578 0.173833 0.034156 0.045542
2 0.886813 0.513365 0.017781 0.021729
2 0.901063 0.487823 0.017125 0.016646
2 0.911789 0.502792 0.013953 0.017208
2 0.946195 0.538969 0.010484 0.016729
2 0.933328 0.510531 0.012812 0.016854
2 0.936109 0.564667 0.019406 0.017583
2 0.904250 0.536510 0.117031 0.134812
0 0.884141 0.223469 0.057375 0.076521
1 0.141016 0.576823 0.124875 0.127729
1 0.035922 0.711313 0.033969 0.040875
1 0.016656 0.708490 0.023156 0.041604
0 0.796508 0.173937 0.065266 0.116417
