0 0.424938 0.684453 0.105292 0.023750
0 0.440979 0.717914 0.076125 0.028953
0 0.344031 0.708875 0.080396 0.021750
0 0.334333 0.735664 0.081542 0.021891
0 0.242750 0.712656 0.060125 0.031219
0 0.206333 0.731711 0.064208 0.020953
0 0.467604 0.671578 0.105833 0.010281
0 0.159198 0.737578 0.028313 0.018531
0 0.418552 0.660813 0.050646 0.025312
0 0.377719 0.713648 0.060479 0.043016
0 0.409146 0.749234 0.032042 0.033313
2 0.250771 0.786555 0.053583 0.049453
2 0.281031 0.404563 0.036146 0.023875
0 0.256188 0.736359 0.043792 0.017063
2 0.250115 0.768141 0.270437 0.051781
2 0.511479 0.836125 0.043458 0.012812
2 0.593615 0.835445 0.064646 0.014922
0 0.419250 0.701984 0.093417 0.025219
