1 0.461467 0.469540 0.045493 0.024080
1 0.153147 0.487620 0.306293 0.184680
1 0.434947 0.491400 0.058053 0.039600
1 0.235320 0.865410 0.470640 0.269180
1 0.199933 0.423780 0.177147 0.076400
1 0.145573 0.342350 0.109173 0.044420
1 0.388573 0.482390 0.099440 0.073500
2 0.233280 0.345310 0.019147 0.011140
1 0.298920 0.274050 0.101413 0.060060
1 0.592067 0.262540 0.042480 0.034400
1 0.462920 0.509000 0.050853 0.019080
1 0.165493 0.255710 0.127307 0.041020
2 0.174907 0.307510 0.021333 0.014820
2 0.724760 0.943970 0.063760 0.032420
2 0.744613 0.929780 0.055253 0.047320
2 0.538720 0.931020 0.050347 0.047640
2 0.525987 0.893740 0.061307 0.034320
2 0.551987 0.869990 0.055547 0.034580
2 0.578120 0.898470 0.050107 0.034900
2 0.568947 0.915760 0.052400 0.032080
2 0.584387 0.946270 0.053147 0.043260
2 0.621280 0.915610 0.059733 0.036380
2 0.235533 0.355900 0.016027 0.009080
2 0.238067 0.346010 0.051760 0.028260
2 0.612187 0.850890 0.050080 0.030740
