0 0.787084 0.740883 0.288220 0.159766
0 0.599871 0.172531 0.352857 0.170406
0 0.407143 0.112062 0.178454 0.176844
0 0.278056 0.505203 0.149368 0.159000
0 0.266932 0.874305 0.145995 0.193109
0 0.127646 0.759477 0.144988 0.092484
0 0.387834 0.579906 0.212576 0.185844
0 0.733607 0.165516 0.326604 0.148812
0 0.383993 0.958469 0.255386 0.083062
0 0.146077 0.545992 0.047237 0.075422
0 0.061850 0.556375 0.086698 0.071063
0 0.771956 0.212422 0.293888 0.134313
2 0.791511 0.540078 0.202084 0.123594
2 0.812670 0.431016 0.202155 0.110781
2 0.389016 0.779406 0.218923 0.296625
2 0.686920 0.307695 0.156276 0.085203
2 0.677319 0.401742 0.159602 0.106484
2 0.801628 0.332211 0.175152 0.107859
2 0.811557 0.068539 0.376885 0.132578
2 0.788150 0.877523 0.161686 0.110109
2 0.373735 0.323375 0.256932 0.272719
2 0.273454 0.672937 0.172201 0.219219
2 0.868899 0.613078 0.159859 0.104688
2 0.704941 0.610953 0.165293 0.107156
0 0.673583 0.739406 0.434520 0.172000
2 0.650644 0.930484 0.154918 0.113688
