0 0.910000 0.641141 0.176750 0.116160
0 0.755406 0.669867 0.135469 0.095247
2 0.549203 0.350922 0.039188 0.041996
2 0.493992 0.382490 0.038328 0.041217
2 0.529766 0.382956 0.023438 0.034354
2 0.510852 0.353156 0.038234 0.046502
1 0.485047 0.538660 0.047344 0.042300
1 0.532344 0.532063 0.044562 0.054202
1 0.572703 0.529449 0.043656 0.046806
1 0.617766 0.523365 0.048344 0.050532
1 0.589781 0.460713 0.260344 0.190057
1 0.840594 0.450437 0.254844 0.168251
1 0.768281 0.245580 0.051125 0.049487
1 0.791172 0.304810 0.225844 0.157262
2 0.605031 0.370675 0.032844 0.022376
2 0.616547 0.346540 0.035969 0.038821
2 0.650648 0.341302 0.035297 0.034696
