0 0.340367 0.725603 0.089672 0.147214
0 0.228461 0.657807 0.080016 0.095863
0 0.419992 0.443534 0.542891 0.816466
0 0.511062 0.502360 0.095500 0.129418
0 0.461289 0.421663 0.105266 0.091393
0 0.504141 0.353711 0.062875 0.104012
1 0.498469 0.166154 0.071938 0.112807
1 0.511836 0.507193 0.105547 0.133929
1 0.572594 0.178025 0.077938 0.096965
1 0.634336 0.228119 0.084891 0.090000
1 0.354250 0.467360 0.080781 0.081913
1 0.460469 0.422495 0.102594 0.090270
1 0.515719 0.841143 0.064594 0.153638
1 0.674414 0.626923 0.095953 0.132474
2 0.625750 0.629886 0.076063 0.153742
2 0.251273 0.289657 0.063391 0.144220
2 0.636742 0.114906 0.062797 0.081040
1 0.131547 0.225769 0.102531 0.116778
