0 0.557977 0.688615 0.113234 0.088021
0 0.618664 0.661792 0.091547 0.060667
0 0.551773 0.604854 0.118078 0.064417
0 0.685789 0.611104 0.043797 0.059292
0 0.491422 0.667219 0.066687 0.050354
0 0.608852 0.612802 0.011391 0.026146
0 0.627016 0.578438 0.018844 0.045708
0 0.738977 0.665000 0.040828 0.066333
0 0.775664 0.656760 0.039391 0.048521
2 0.453836 0.561354 0.022359 0.026417
2 0.468906 0.571948 0.209344 0.130854
0 0.653828 0.628833 0.071594 0.063958
0 0.509883 0.680688 0.053391 0.075250
0 0.590469 0.631510 0.065625 0.033521
0 0.503914 0.645990 0.037328 0.037437
