0 0.091258 0.202198 0.075047 0.097396
0 0.047242 0.231323 0.066547 0.076229
0 0.580570 0.029781 0.033359 0.059521
0 0.242297 0.144792 0.041531 0.100083
0 0.898953 0.190406 0.030344 0.058854
0 0.949719 0.207198 0.052187 0.038937
0 0.505781 0.063958 0.035344 0.106042
0 0.180656 0.176365 0.026062 0.065396
0 0.983789 0.248510 0.032422 0.051937
0 0.969219 0.243250 0.039156 0.057417
2 0.746016 0.623188 0.507969 0.753625
0 0.985695 0.209917 0.023109 0.018917
0 0.917773 0.235781 0.026047 0.046771
0 0.642500 0.274583 0.055156 0.051583
