0 0.299469 0.482201 0.043719 0.074052
0 0.534219 0.488068 0.042562 0.068735
0 0.451391 0.479157 0.125719 0.091007
0 0.633297 0.477998 0.035500 0.039040
0 0.631062 0.495468 0.043844 0.060211
0 0.678711 0.490539 0.052078 0.067213
0 0.309828 0.500316 0.026125 0.056511
0 0.565578 0.487564 0.024156 0.053817
0 0.579922 0.485843 0.011875 0.049813
2 0.366719 0.412646 0.030062 0.033489
0 0.366750 0.485012 0.039313 0.077283
0 0.401570 0.484602 0.040859 0.075012
2 0.329508 0.277869 0.021422 0.028571
2 0.356555 0.259063 0.021922 0.029040
2 0.414211 0.303361 0.022359 0.032155
2 0.408531 0.279274 0.023906 0.028337
2 0.435797 0.317927 0.020531 0.031358
2 0.448914 0.293080 0.020703 0.035059
2 0.253398 0.309625 0.024859 0.034098
2 0.374812 0.310187 0.023375 0.028244
2 0.390641 0.265328 0.021969 0.030000
2 0.339211 0.343197 0.304391 0.218525
2 0.460516 0.391265 0.149562 0.091991
0 0.336766 0.480984 0.031375 0.082529
