0 0.522160 0.155760 0.112640 0.142080
0 0.132300 0.633707 0.261240 0.215733
0 0.322750 0.275840 0.281460 0.379787
0 0.424800 0.614413 0.035360 0.129947
0 0.564390 0.422933 0.170380 0.153600
0 0.447180 0.581787 0.140840 0.192320
0 0.067950 0.142280 0.109060 0.190160
0 0.179490 0.567413 0.358980 0.573013
0 0.675030 0.476720 0.102780 0.156800
0 0.393490 0.212107 0.147980 0.143520
0 0.321100 0.494280 0.131240 0.106053
2 0.746030 0.482013 0.061100 0.065253
2 0.485290 0.519013 0.020220 0.021440
2 0.471030 0.488893 0.022140 0.018693
2 0.470160 0.506840 0.018280 0.027600
2 0.486590 0.501440 0.018620 0.018507
2 0.496020 0.520347 0.008280 0.019307
0 0.570340 0.308067 0.167280 0.112027
0 0.080670 0.193027 0.161340 0.374320
