0 0.649977 0.433898 0.401405 0.307141
2 0.187763 0.326383 0.127611 0.079047
2 0.295258 0.308234 0.106956 0.087750
2 0.248759 0.261727 0.124215 0.079172
2 0.335984 0.585992 0.130281 0.082172
1 0.457037 0.370227 0.131593 0.087797
1 0.266686 0.497875 0.136979 0.079687
1 0.555363 0.454258 0.111944 0.083078
1 0.571674 0.581016 0.248080 0.065219
1 0.435082 0.449805 0.135972 0.089078
2 0.519590 0.232203 0.106768 0.071219
2 0.541429 0.302016 0.136815 0.092469
2 0.663747 0.262664 0.094754 0.058109
2 0.308560 0.188781 0.124660 0.090094
2 0.145632 0.482586 0.111452 0.092797
2 0.173864 0.400953 0.097705 0.085187
2 0.404391 0.539898 0.122693 0.086109
