2 0.679266 0.620164 0.016156 0.021686
1 0.563273 0.612131 0.016234 0.027869
1 0.629984 0.622810 0.019563 0.018923
1 0.647078 0.620187 0.016625 0.016815
1 0.554969 0.622611 0.011312 0.018337
2 0.612812 0.625585 0.015281 0.013934
1 0.596195 0.618665 0.010828 0.023138
1 0.603844 0.624391 0.008031 0.014215
1 0.585180 0.617131 0.011453 0.019696
1 0.543828 0.619719 0.009031 0.013115
1 0.550672 0.612026 0.010562 0.016745
1 0.494883 0.607600 0.017484 0.020867
1 0.501031 0.602693 0.057437 0.041265
1 0.558039 0.601511 0.050047 0.062927
1 0.656922 0.619555 0.012313 0.013396
