2 0.114023 0.529500 0.056297 0.066625
2 0.163352 0.554792 0.060578 0.058458
2 0.185383 0.618104 0.053953 0.065583
2 0.494453 0.603521 0.052687 0.069833
2 0.306086 0.582313 0.047922 0.071625
2 0.608508 0.604479 0.057172 0.068583
2 0.731680 0.565083 0.045266 0.050583
2 0.685594 0.575146 0.052187 0.066250
2 0.629852 0.494010 0.041109 0.064354
2 0.279234 0.407469 0.057969 0.077271
2 0.615086 0.656010 0.054266 0.045479
2 0.411414 0.614625 0.040203 0.049458
1 0.608508 0.137208 0.034297 0.033292
1 0.577930 0.156552 0.031984 0.032771
1 0.609008 0.168792 0.048359 0.039042
2 0.856586 0.666917 0.065891 0.077500
1 0.510156 0.159250 0.028969 0.027917
1 0.640273 0.164354 0.036578 0.042250
