1 0.501125 0.330583 0.012250 0.015375
1 0.486766 0.332406 0.045188 0.027229
1 0.526844 0.339042 0.014844 0.012417
1 0.411664 0.354615 0.008078 0.008563
1 0.427008 0.356135 0.058422 0.033729
1 0.563562 0.340219 0.063156 0.030812
1 0.435187 0.380094 0.029687 0.026062
1 0.437594 0.333854 0.035625 0.019417
2 0.544328 0.332042 0.007875 0.009167
2 0.558930 0.332115 0.006984 0.010563
2 0.578078 0.338865 0.009719 0.012687
2 0.428969 0.364385 0.007219 0.010729
2 0.434180 0.366729 0.007422 0.007542
1 0.427250 0.356937 0.058562 0.032458
