2 0.435164 0.511385 0.020859 0.027438
2 0.413242 0.509990 0.021828 0.028604
2 0.456531 0.510833 0.019938 0.027417
1 0.397422 0.564802 0.036750 0.046938
1 0.462930 0.582552 0.046797 0.059604
1 0.428922 0.624292 0.043562 0.063875
1 0.445742 0.555615 0.038359 0.040354
1 0.494391 0.609323 0.044531 0.058729
1 0.425078 0.587896 0.038094 0.036708
1 0.425687 0.552958 0.022125 0.029500
1 0.374047 0.567073 0.019312 0.039271
1 0.459242 0.637719 0.041484 0.057813
1 0.421055 0.656344 0.040984 0.035271
1 0.388695 0.612573 0.042828 0.053021
1 0.508617 0.592792 0.037797 0.050417
