2 0.391799 0.424810 0.032857 0.027100
2 0.345529 0.360050 0.159630 0.071780
2 0.508704 0.352550 0.159524 0.059220
2 0.674603 0.369290 0.193175 0.101340
2 0.450794 0.461510 0.020265 0.010300
1 0.420820 0.266460 0.146561 0.041800
1 0.320529 0.276400 0.012751 0.010200
1 0.680635 0.277340 0.110159 0.057360
1 0.237831 0.272200 0.101587 0.030080
1 0.303003 0.276060 0.048704 0.037600
1 0.322169 0.283330 0.053228 0.019900
1 0.583214 0.267690 0.021032 0.009020
2 0.422103 0.410810 0.037540 0.028380
2 0.367804 0.416050 0.172275 0.077420
1 0.798452 0.388890 0.081878 0.049260
