0 0.818922 0.299526 0.011797 0.040163
0 0.881944 0.158391 0.108007 0.075605
0 0.831225 0.283930 0.039314 0.059918
0 0.794330 0.296454 0.044248 0.059837
2 0.266985 0.590474 0.397663 0.123889
2 0.468480 0.606422 0.041176 0.032941
2 0.867304 0.467998 0.171209 0.187435
2 0.196552 0.467320 0.363693 0.289967
0 0.893848 0.209036 0.072467 0.057386
0 0.343211 0.147165 0.044657 0.083415
0 0.454330 0.155817 0.034412 0.063105
0 0.300572 0.137516 0.019967 0.055719
0 0.792525 0.137116 0.091585 0.063775
0 0.842810 0.242851 0.110915 0.085572
0 0.681209 0.130915 0.022386 0.053693
0 0.723824 0.137451 0.029085 0.077582
0 0.734837 0.118203 0.026111 0.050719
