0 0.416540 0.759860 0.362840 0.280840
0 0.437760 0.279340 0.419320 0.287880
2 0.421430 0.511630 0.117140 0.117140
2 0.434750 0.641310 0.123580 0.127060
2 0.363070 0.614400 0.108580 0.116240
2 0.253730 0.606140 0.113060 0.122240
2 0.311570 0.514850 0.102940 0.106700
2 0.255930 0.424900 0.105220 0.102040
2 0.413850 0.412140 0.211220 0.112480
2 0.531050 0.492330 0.109140 0.108260
2 0.578310 0.401870 0.112980 0.089140
2 0.637630 0.501480 0.104620 0.110080
2 0.421220 0.713420 0.110040 0.075000
2 0.486680 0.603540 0.097400 0.105960
