0 0.664773 0.932658 0.111484 0.127793
0 0.756125 0.822984 0.169563 0.164572
0 0.637078 0.707500 0.172875 0.129414
0 0.567133 0.820338 0.082297 0.074144
0 0.469227 0.695980 0.123828 0.147905
0 0.378211 0.654144 0.130328 0.140901
0 0.326172 0.724054 0.125625 0.134189
0 0.464906 0.893863 0.162031 0.133356
0 0.609000 0.922027 0.176000 0.153243
0 0.643141 0.745450 0.061562 0.095000
0 0.690336 0.901610 0.128672 0.090068
0 0.685211 0.922579 0.138641 0.115428
2 0.209680 0.605619 0.201109 0.096644
1 0.845922 0.726182 0.300156 0.191374
0 0.705359 0.737185 0.126844 0.103378
