1 0.289523 0.540000 0.176234 0.265888
1 0.495703 0.490315 0.144375 0.204883
1 0.706141 0.630397 0.131562 0.250748
2 0.603930 0.549054 0.161266 0.234042
2 0.419719 0.612804 0.156469 0.232664
2 0.388109 0.419357 0.135906 0.151005
2 0.580289 0.376343 0.141828 0.134369
2 0.795750 0.447991 0.138344 0.076449
2 0.591562 0.424836 0.088063 0.044813
1 0.402055 0.719731 0.155328 0.170864
1 0.558016 0.693797 0.163500 0.237126
1 0.671539 0.762675 0.121297 0.077220
1 0.691875 0.459474 0.080906 0.058808
1 0.206867 0.512593 0.068797 0.197850
