2 0.910800 0.723995 0.178400 0.352243
2 0.357420 0.599579 0.172560 0.191215
0 0.112530 0.798879 0.225060 0.375280
0 0.158700 0.615736 0.105800 0.206752
0 0.176030 0.493762 0.096900 0.222804
0 0.236140 0.383014 0.126480 0.240234
0 0.303930 0.410864 0.165420 0.197757
0 0.418380 0.214614 0.186600 0.191005
0 0.541500 0.132208 0.190440 0.260678
0 0.471180 0.314089 0.168280 0.114439
0 0.445270 0.077558 0.089180 0.155117
0 0.951080 0.304498 0.097840 0.442687
0 0.931040 0.072547 0.087280 0.090093
0 0.101160 0.440257 0.171200 0.361028
2 0.740580 0.876238 0.180640 0.204346
2 0.404590 0.830736 0.283100 0.302079
