1 0.103133 0.440958 0.103297 0.058472
1 0.202289 0.426722 0.012766 0.024722
2 0.504453 0.266417 0.015063 0.023611
2 0.515266 0.248667 0.008719 0.020278
2 0.452594 0.273000 0.012937 0.019167
2 0.528438 0.247347 0.030562 0.068306
0 0.795477 0.308097 0.028016 0.033639
0 0.758312 0.327722 0.018031 0.027778
0 0.790383 0.308347 0.025141 0.037972
0 0.805195 0.315181 0.025828 0.050417
0 0.808141 0.326833 0.021844 0.043389
0 0.781680 0.316347 0.029922 0.060194
2 0.439328 0.272722 0.013000 0.013722
2 0.474977 0.279264 0.012703 0.025750
