0 0.688677 0.467977 0.047330 0.014953
0 0.254297 0.364742 0.057213 0.071391
0 0.847014 0.651094 0.227330 0.138937
0 0.779590 0.352906 0.109766 0.102531
1 0.079684 0.422227 0.018290 0.008422
1 0.078443 0.432828 0.019696 0.008750
1 0.650222 0.429695 0.023536 0.008266
0 0.294578 0.301625 0.082412 0.037906
0 0.165703 0.270141 0.107283 0.055156
0 0.962037 0.394781 0.075925 0.088344
0 0.340878 0.359586 0.066674 0.070141
0 0.928911 0.358055 0.096370 0.080141
0 0.452400 0.295750 0.080679 0.054625
0 0.596593 0.347523 0.126300 0.072641
0 0.486300 0.337570 0.034660 0.042328
0 0.069965 0.293375 0.048970 0.032656
