0 0.062508 0.465292 0.016328 0.076167
0 0.084273 0.654771 0.048484 0.105333
0 0.081477 0.291687 0.052234 0.084000
0 0.009906 0.303854 0.019813 0.067958
0 0.087352 0.532667 0.072359 0.082333
0 0.008961 0.532260 0.012766 0.063271
0 0.018039 0.645531 0.023203 0.060396
0 0.051117 0.573896 0.046578 0.071417
1 0.175773 0.805740 0.026609 0.034729
1 0.619414 0.722354 0.208234 0.108250
0 0.046164 0.463760 0.047203 0.089563
0 0.010031 0.420438 0.019969 0.075000
0 0.019742 0.534385 0.019641 0.066729
2 0.414805 0.771469 0.196297 0.114312
2 0.436281 0.761333 0.016969 0.023125
2 0.198891 0.677427 0.032625 0.041646
2 0.183492 0.708198 0.031391 0.033896
2 0.249383 0.703927 0.029391 0.038021
2 0.096578 0.708833 0.031094 0.037125
1 0.209703 0.735760 0.022562 0.025937
1 0.150547 0.810781 0.265375 0.191812
1 0.857422 0.726583 0.224312 0.129458
2 0.221875 0.707979 0.028594 0.030667
2 0.266469 0.725052 0.025188 0.033604
2 0.259930 0.759885 0.026672 0.033854
2 0.159359 0.687938 0.028500 0.036333
2 0.129789 0.695510 0.031734 0.037896
2 0.067352 0.725354 0.029641 0.040167
2 0.055266 0.757531 0.028844 0.038437
