0 0.141766 0.878548 0.063781 0.204689
0 0.182055 0.636224 0.037797 0.077842
0 0.295836 0.618226 0.104828 0.089855
0 0.365617 0.563859 0.079391 0.070954
0 0.166664 0.852407 0.088703 0.161826
0 0.215719 0.740778 0.137531 0.161888
0 0.120281 0.636971 0.048531 0.127427
0 0.268789 0.733216 0.099734 0.161494
1 0.874609 0.124533 0.226625 0.248029
1 0.793789 0.182614 0.123297 0.161328
0 0.178547 0.800747 0.137094 0.159544
0 0.297055 0.669865 0.114016 0.071473
0 0.052977 0.904056 0.100922 0.171266
1 0.969320 0.102044 0.057422 0.198693
0 0.054891 0.825259 0.100844 0.103423
0 0.210336 0.628817 0.044109 0.132863
