0 0.964602 0.309062 0.068984 0.073667
0 0.983211 0.281031 0.033578 0.057438
1 0.924258 0.187438 0.013047 0.019958
1 0.552656 0.376812 0.025531 0.025417
1 0.946602 0.160604 0.012891 0.017167
1 0.966703 0.185635 0.012937 0.019146
1 0.644242 0.385500 0.021828 0.029833
1 0.709594 0.541292 0.090594 0.132125
2 0.374805 0.886208 0.061297 0.074917
2 0.420594 0.593542 0.034656 0.039875
2 0.308617 0.812854 0.060859 0.062417
2 0.414359 0.822385 0.060562 0.062563
2 0.372383 0.861115 0.263047 0.277771
0 0.991031 0.326490 0.017938 0.034479
1 0.611297 0.493198 0.032188 0.033646
