2 0.609430 0.380627 0.090620 0.148720
2 0.483170 0.368227 0.182820 0.090587
2 0.410620 0.485200 0.148960 0.195733
2 0.518940 0.629400 0.123800 0.167333
2 0.544470 0.560507 0.151500 0.210613
2 0.630590 0.605520 0.163460 0.112160
2 0.618220 0.457453 0.131640 0.070213
2 0.615030 0.495947 0.122660 0.076320
2 0.427530 0.610760 0.091180 0.181467
0 0.716740 0.487040 0.165560 0.439947
0 0.632260 0.757600 0.143160 0.206080
0 0.525260 0.807347 0.079040 0.087013
0 0.448230 0.756667 0.071420 0.094400
0 0.368020 0.726453 0.101560 0.101920
0 0.296520 0.529280 0.151760 0.368640
0 0.522390 0.434640 0.100860 0.112800
0 0.560990 0.257213 0.156980 0.127973
0 0.408690 0.269813 0.139140 0.151147
