1 0.749802 0.631852 0.259854 0.113578
0 0.298490 0.628125 0.327104 0.166719
0 0.266094 0.783961 0.405771 0.126141
0 0.167271 0.474047 0.032417 0.009469
0 0.332385 0.487375 0.235479 0.081687
0 0.352062 0.404867 0.012417 0.007078
0 0.086281 0.634750 0.172563 0.177406
0 0.350365 0.542555 0.200896 0.041016
1 0.804750 0.750008 0.324583 0.113578
1 0.931323 0.611852 0.132312 0.064266
2 0.753073 0.633617 0.263563 0.116516
0 0.342052 0.419703 0.201938 0.063813
0 0.174469 0.492398 0.044479 0.018797
0 0.123479 0.497805 0.031083 0.020609
2 0.732292 0.750844 0.175250 0.113813
