2 0.188281 0.178638 0.310937 0.321596
0 0.492867 0.512359 0.216891 0.328099
0 0.329062 0.324319 0.205375 0.331080
0 0.483547 0.219953 0.168313 0.212535
0 0.567344 0.080646 0.181656 0.161291
0 0.664133 0.102242 0.161547 0.204484
0 0.793516 0.210106 0.192969 0.222465
0 0.925750 0.360833 0.139469 0.257723
0 0.954719 0.356185 0.090563 0.244953
0 0.819688 0.074155 0.200437 0.143803
0 0.937539 0.173756 0.124922 0.163005
0 0.868727 0.400587 0.161922 0.209531
2 0.126109 0.071303 0.177594 0.142606
2 0.297992 0.048263 0.200609 0.096526
2 0.424445 0.100646 0.181547 0.189601
