0 0.794172 0.648255 0.121313 0.102365
1 0.446164 0.816183 0.054047 0.077424
1 0.507156 0.755094 0.394937 0.233372
2 0.212930 0.811991 0.047609 0.068993
2 0.206516 0.756827 0.049938 0.060023
2 0.283719 0.672494 0.045625 0.067143
2 0.316805 0.706897 0.038672 0.056792
2 0.282219 0.731347 0.045625 0.062600
2 0.141508 0.772447 0.045703 0.065972
2 0.118250 0.818208 0.047250 0.065925
2 0.165391 0.757424 0.034375 0.052365
2 0.165594 0.818326 0.049188 0.075386
2 0.249117 0.844918 0.038328 0.037471
2 0.236000 0.732834 0.049125 0.077799
2 0.131250 0.715504 0.019250 0.037705
2 0.198234 0.716300 0.043812 0.064122
