1 0.238911 0.771672 0.477822 0.156031
0 0.588911 0.581375 0.298525 0.147344
0 0.705632 0.890945 0.461429 0.215734
0 0.331475 0.504148 0.256487 0.142359
0 0.448571 0.356047 0.117658 0.058688
0 0.410796 0.350680 0.051616 0.007766
0 0.281030 0.383914 0.124309 0.079422
0 0.207623 0.317609 0.106253 0.056000
0 0.190293 0.292656 0.075574 0.039469
0 0.255902 0.343383 0.154286 0.046484
0 0.364438 0.333937 0.051499 0.032063
1 0.138033 0.473492 0.049274 0.043109
1 0.265211 0.443398 0.081569 0.045859
0 0.141487 0.256617 0.061663 0.032922
1 0.217225 0.677766 0.105878 0.036969
1 0.041124 0.672008 0.053958 0.043047
1 0.096698 0.681648 0.193396 0.059328
1 0.085937 0.478430 0.049813 0.040516
1 0.112787 0.453789 0.050867 0.035516
1 0.036780 0.474656 0.051593 0.036687
1 0.077494 0.414758 0.047213 0.034734
1 0.170679 0.426992 0.091054 0.054328
2 0.276745 0.483945 0.078173 0.035422
2 0.307459 0.466875 0.040398 0.037656
2 0.202248 0.462898 0.078267 0.047453
2 0.198443 0.712648 0.200726 0.112328
