0 0.590914 0.624251 0.084047 0.116745
0 0.701211 0.640398 0.117797 0.110351
0 0.480781 0.703150 0.091969 0.141897
0 0.665531 0.735035 0.066125 0.082014
0 0.757883 0.720948 0.065734 0.033419
0 0.560953 0.704918 0.054594 0.043700
0 0.569852 0.748700 0.150703 0.185878
0 0.510617 0.613876 0.072141 0.111499
0 0.553406 0.614883 0.038937 0.089110
0 0.676117 0.696698 0.074047 0.043700
1 0.889641 0.584988 0.219094 0.229742
2 0.816008 0.700644 0.030047 0.042225
2 0.839531 0.653208 0.032063 0.037799
2 0.841945 0.688208 0.032297 0.043864
2 0.803508 0.595714 0.033141 0.040890
2 0.887422 0.671440 0.031750 0.036417
2 0.857945 0.610433 0.074047 0.050984
2 0.780359 0.585585 0.025719 0.040023
2 0.815758 0.664824 0.030266 0.033489
2 0.760516 0.583244 0.019312 0.035340
2 0.809766 0.629473 0.034969 0.041007
2 0.809305 0.544133 0.043953 0.033700
2 0.825406 0.521054 0.032406 0.039578
0 0.667898 0.660199 0.101328 0.098852
2 0.738641 0.548326 0.024906 0.035667
