0 0.397422 0.425929 0.037187 0.090000
0 0.536453 0.384511 0.096844 0.112965
0 0.632352 0.372933 0.079828 0.043878
0 0.687531 0.383013 0.030469 0.072404
0 0.715492 0.412997 0.034953 0.028686
0 0.788070 0.385112 0.072578 0.073301
0 0.855055 0.387708 0.057641 0.065929
0 0.898023 0.457901 0.089109 0.066474
0 0.786898 0.458405 0.048047 0.052260
0 0.515156 0.451795 0.138125 0.105192
0 0.431070 0.440128 0.034797 0.080288
0 0.371789 0.433726 0.037672 0.100849
1 0.642336 0.707500 0.042953 0.044359
1 0.587117 0.781010 0.043422 0.033558
1 0.591422 0.820152 0.048125 0.039567
1 0.696297 0.738966 0.049312 0.047324
1 0.731711 0.761218 0.042766 0.035096
1 0.600852 0.748566 0.036141 0.044984
1 0.659719 0.776250 0.053344 0.045160
1 0.668016 0.753646 0.042594 0.023926
1 0.628008 0.816058 0.029609 0.037179
1 0.245906 0.797099 0.062156 0.042083
1 0.680758 0.701418 0.043359 0.044888
2 0.615430 0.653301 0.026547 0.026667
2 0.638586 0.655505 0.031016 0.021747
0 0.397711 0.458373 0.063297 0.092163
1 0.637773 0.734655 0.050047 0.040112
