0 0.332914 0.251100 0.023422 0.026400
0 0.360055 0.269062 0.078359 0.082825
0 0.539453 0.243725 0.022500 0.056500
0 0.574539 0.234800 0.057984 0.103550
2 0.379688 0.713413 0.243156 0.155175
2 0.230914 0.676013 0.028484 0.042075
2 0.203023 0.685000 0.028141 0.032750
2 0.703109 0.662125 0.033531 0.026700
2 0.681656 0.693825 0.025719 0.043050
2 0.653633 0.653625 0.027016 0.032550
2 0.711719 0.698313 0.027031 0.043875
2 0.663695 0.667375 0.028109 0.034250
2 0.732766 0.698663 0.020750 0.038725
2 0.782086 0.712512 0.027453 0.040425
2 0.792063 0.738688 0.027844 0.025525
1 0.656563 0.723463 0.151688 0.058125
2 0.046266 0.627788 0.089281 0.119475
2 0.751227 0.714987 0.026453 0.029525
