0 0.074398 0.428583 0.147078 0.131333
1 0.686797 0.377250 0.078812 0.072750
1 0.798664 0.370063 0.057359 0.063708
1 0.201906 0.272188 0.249844 0.176458
1 0.384156 0.178823 0.191906 0.125604
1 0.292859 0.336542 0.057406 0.064000
1 0.251320 0.326187 0.050266 0.070583
1 0.295891 0.283708 0.054688 0.056792
1 0.321070 0.307490 0.237641 0.229229
2 0.566141 0.167490 0.285906 0.216229
2 0.441547 0.501156 0.113813 0.073646
2 0.371633 0.604656 0.105516 0.084521
2 0.254180 0.735125 0.053609 0.066833
2 0.295477 0.696240 0.054547 0.047063
2 0.332180 0.715177 0.060797 0.069729
1 0.668016 0.387354 0.266281 0.225250
