0 0.388109 0.273735 0.077312 0.121194
0 0.677930 0.755714 0.104547 0.148244
0 0.614117 0.738607 0.057109 0.115667
0 0.257578 0.289532 0.066312 0.105199
0 0.208867 0.287400 0.062984 0.116768
0 0.389914 0.760492 0.009766 0.011710
0 0.423539 0.775937 0.058984 0.054215
0 0.456648 0.269883 0.064516 0.061358
0 0.489383 0.498185 0.049641 0.057822
0 0.752195 0.839731 0.090766 0.092576
0 0.472242 0.795562 0.040953 0.102319
0 0.189461 0.488852 0.051609 0.088337
2 0.367148 0.497213 0.037047 0.056909
2 0.402078 0.481522 0.018844 0.019251
2 0.329586 0.504778 0.006266 0.014145
0 0.408305 0.865890 0.048641 0.062506
