0 0.496820 0.726683 0.279359 0.364716
0 0.239625 0.359452 0.178062 0.232798
0 0.167523 0.594658 0.203672 0.255108
0 0.277305 0.813102 0.170766 0.133562
0 0.412844 0.579247 0.128594 0.178806
0 0.733273 0.717877 0.308203 0.339393
0 0.501102 0.459638 0.128922 0.312505
0 0.654516 0.487965 0.177875 0.299883
0 0.830625 0.457329 0.201844 0.289217
0 0.447844 0.294276 0.149250 0.195753
0 0.158023 0.733072 0.182984 0.348963
0 0.325781 0.247671 0.151000 0.212446
0 0.637437 0.345489 0.175000 0.240294
0 0.555766 0.237838 0.122969 0.240802
