0 0.550500 0.492115 0.079500 0.060104
0 0.726805 0.507844 0.078672 0.126479
0 0.275023 0.932063 0.207609 0.135875
0 0.103430 0.737667 0.206859 0.235958
0 0.790195 0.501833 0.058297 0.091458
0 0.922750 0.449875 0.122781 0.143500
0 0.498625 0.406656 0.027437 0.084604
0 0.548477 0.340948 0.108328 0.110146
0 0.593117 0.457708 0.105703 0.091708
0 0.461680 0.488219 0.156266 0.084812
0 0.810344 0.622927 0.169406 0.168437
0 0.437086 0.394979 0.025672 0.105625
2 0.166102 0.067083 0.020453 0.026333
2 0.862453 0.397865 0.024156 0.030062
0 0.368133 0.398729 0.117922 0.113917
2 0.887305 0.292417 0.054297 0.054625
2 0.907453 0.275771 0.051031 0.059708
