1 0.655586 0.472948 0.164109 0.197646
1 0.637570 0.595490 0.079953 0.097479
1 0.545352 0.253573 0.029984 0.046687
1 0.562406 0.338281 0.037312 0.043854
1 0.565531 0.265719 0.031187 0.039979
1 0.515102 0.258990 0.029953 0.029229
1 0.549875 0.292833 0.034063 0.031083
1 0.503219 0.295542 0.060562 0.046375
1 0.588867 0.291677 0.068359 0.075521
1 0.310547 0.289062 0.054688 0.059917
1 0.740719 0.605885 0.095031 0.102771
2 0.799719 0.111646 0.113000 0.089500
2 0.908133 0.584979 0.074578 0.085792
2 0.966461 0.440677 0.067078 0.074062
2 0.900086 0.644906 0.199828 0.170729
2 0.315820 0.550469 0.052172 0.062312
2 0.907672 0.508729 0.064500 0.063875
2 0.268070 0.497687 0.046859 0.049417
2 0.275359 0.442323 0.039688 0.055854
2 0.240102 0.480740 0.031234 0.053437
2 0.270711 0.553812 0.040891 0.061042
2 0.353063 0.514656 0.042281 0.059146
1 0.536555 0.377344 0.035578 0.041104
2 0.846773 0.534302 0.033641 0.050104
1 0.800563 0.532844 0.061375 0.109646
2 0.970211 0.513687 0.059578 0.059625
