0 0.147633 0.523056 0.080422 0.099742
0 0.258578 0.502986 0.051156 0.060023
0 0.969430 0.382951 0.061141 0.040422
2 0.530320 0.787307 0.019234 0.032646
2 0.549508 0.799075 0.020734 0.034122
2 0.503602 0.740984 0.022422 0.030539
1 0.480281 0.691534 0.016875 0.034309
1 0.155742 0.872623 0.024859 0.041405
1 0.080102 0.760808 0.026766 0.030796
1 0.256773 0.784227 0.513516 0.406487
0 0.945187 0.350972 0.033281 0.015808
0 0.971078 0.437845 0.043438 0.045948
1 0.572883 0.738782 0.018203 0.031148
2 0.535875 0.769438 0.024125 0.027916
2 0.545281 0.739309 0.027437 0.036838
2 0.555367 0.756815 0.018359 0.027541
2 0.497188 0.789192 0.021406 0.030000
2 0.542766 0.692026 0.016813 0.022974
2 0.591898 0.776885 0.018734 0.022717
2 0.521828 0.681288 0.032969 0.045340
2 0.516367 0.639473 0.021047 0.024286
2 0.495781 0.764649 0.019344 0.028548
