0 0.695820 0.369729 0.047734 0.067458
0 0.822750 0.288010 0.075031 0.092937
0 0.858492 0.352896 0.053703 0.083708
0 0.521094 0.398948 0.025031 0.037854
0 0.783234 0.344115 0.074625 0.103188
1 0.760266 0.198615 0.043031 0.046312
1 0.785328 0.180854 0.023781 0.035000
1 0.798641 0.166531 0.022906 0.031604
1 0.805133 0.172521 0.019078 0.039792
1 0.730789 0.122521 0.025953 0.033750
1 0.719391 0.148208 0.015094 0.022667
1 0.749898 0.458948 0.021516 0.029854
1 0.791883 0.458469 0.082766 0.063979
1 0.668336 0.854417 0.128203 0.122292
1 0.720070 0.706490 0.018234 0.023604
2 0.921930 0.287687 0.072922 0.100083
0 0.649461 0.370385 0.047172 0.055563
0 0.589328 0.464354 0.046531 0.075792
1 0.792617 0.635625 0.018422 0.028333
1 0.778523 0.620542 0.016672 0.027875
0 0.511023 0.399146 0.052641 0.067792
1 0.781820 0.656885 0.024422 0.048396
