2 0.092020 0.324213 0.052920 0.062773
2 0.139500 0.303760 0.050880 0.077387
2 0.227990 0.289973 0.016540 0.029707
2 0.216710 0.289107 0.035780 0.056187
1 0.670880 0.740787 0.658240 0.518427
1 0.358150 0.737827 0.305060 0.307867
1 0.358990 0.561413 0.080900 0.098880
1 0.514420 0.397960 0.055920 0.052187
1 0.426280 0.414773 0.101360 0.084320
1 0.368240 0.397787 0.031240 0.039627
1 0.280180 0.463133 0.056960 0.061200
1 0.729330 0.430600 0.072060 0.072933
1 0.268690 0.625533 0.144460 0.141787
1 0.546740 0.550933 0.251200 0.301173
1 0.724830 0.506133 0.084100 0.102080
1 0.318500 0.467533 0.247400 0.327280
1 0.355520 0.339800 0.106280 0.114427
2 0.038650 0.334187 0.036140 0.065333
