0 0.232273 0.349354 0.337703 0.172375
0 0.250594 0.704958 0.324562 0.333833
0 0.263172 0.440802 0.243844 0.159187
1 0.513750 0.484500 0.132094 0.176125
1 0.847172 0.327292 0.101531 0.153792
1 0.614570 0.206781 0.102109 0.152479
1 0.480648 0.254688 0.099328 0.130417
1 0.648531 0.477646 0.266469 0.348250
2 0.733812 0.311594 0.144719 0.187438
2 0.448508 0.345156 0.143734 0.190188
2 0.801648 0.479594 0.134953 0.173563
2 0.564016 0.299906 0.099906 0.102229
0 0.279727 0.297115 0.268672 0.121188
2 0.758773 0.417885 0.085672 0.081438
2 0.590570 0.479729 0.041078 0.080583
1 0.649008 0.354385 0.072734 0.100687
