2 0.272609 0.571437 0.009031 0.013294
2 0.203133 0.537407 0.072953 0.068692
1 0.131102 0.509650 0.008266 0.011308
1 0.150344 0.494194 0.061219 0.042313
1 0.208250 0.495058 0.064844 0.043808
1 0.181469 0.546157 0.074375 0.058061
1 0.260297 0.554147 0.034219 0.048762
1 0.279883 0.538189 0.024141 0.053107
1 0.259813 0.498037 0.003625 0.009346
1 0.156555 0.515187 0.042234 0.017991
2 0.283336 0.571916 0.014672 0.009579
2 0.170836 0.495748 0.021297 0.033364
2 0.219492 0.571098 0.005234 0.007991
2 0.164430 0.515327 0.013047 0.015327
