0 0.111671 0.295280 0.083136 0.053480
1 0.615411 0.888540 0.148406 0.148520
1 0.406864 0.842310 0.424216 0.315380
1 0.716298 0.951710 0.195373 0.096580
1 0.875694 0.930840 0.182134 0.115120
1 0.674936 0.796650 0.146684 0.098700
1 0.224640 0.919760 0.098175 0.127000
2 0.524936 0.397520 0.071208 0.050480
2 0.156697 0.195400 0.034884 0.024200
2 0.549280 0.358050 0.076710 0.050860
2 0.501542 0.436690 0.078406 0.035780
2 0.679075 0.349140 0.066581 0.061400
2 0.406671 0.412970 0.045835 0.028940
2 0.387853 0.407510 0.045013 0.032180
2 0.367596 0.399510 0.048612 0.029740
2 0.435090 0.333140 0.044781 0.034840
2 0.119679 0.220000 0.038997 0.030320
2 0.138136 0.179460 0.028458 0.024360
2 0.145501 0.216600 0.032494 0.023880
1 0.189113 0.854170 0.110463 0.091140
1 0.366118 0.698010 0.069409 0.096700
1 0.528008 0.653510 0.111902 0.056540
1 0.622558 0.752730 0.091080 0.091740
2 0.186388 0.192960 0.031594 0.024560
