0 0.273883 0.245385 0.311797 0.352812
1 0.569234 0.367938 0.177844 0.321417
1 0.559414 0.090583 0.215297 0.181167
1 0.412852 0.578865 0.170766 0.218313
0 0.119805 0.130104 0.239609 0.260208
1 0.459445 0.437250 0.232922 0.153875
1 0.690305 0.203927 0.122766 0.121063
1 0.719305 0.827906 0.271141 0.344188
1 0.493820 0.738948 0.168547 0.274146
0 0.244477 0.557146 0.181172 0.314292
0 0.825000 0.094802 0.286375 0.179229
0 0.151516 0.794240 0.197938 0.222771
1 0.597234 0.620896 0.206437 0.224625
1 0.830859 0.680750 0.200188 0.222875
1 0.836164 0.377937 0.266328 0.402083
1 0.111641 0.465469 0.161938 0.262187
1 0.029883 0.838885 0.053234 0.194354
1 0.408328 0.401375 0.159375 0.186792
