2 0.822937 0.843009 0.067125 0.102319
2 0.695008 0.848349 0.068703 0.096838
1 0.598234 0.664239 0.063687 0.066745
1 0.620664 0.640972 0.038828 0.069532
1 0.575477 0.631499 0.056922 0.069555
1 0.336102 0.648009 0.022484 0.033115
1 0.340930 0.615234 0.018516 0.031358
1 0.395328 0.611054 0.020156 0.021686
2 0.874461 0.936897 0.083609 0.116370
2 0.926227 0.836897 0.073328 0.087799
2 0.353836 0.947541 0.077797 0.104918
2 0.185531 0.931604 0.082000 0.120258
2 0.920750 0.763302 0.054344 0.073349
2 0.725984 0.941674 0.077750 0.116651
2 0.880320 0.809157 0.041078 0.067073
2 0.900109 0.825105 0.025312 0.070679
2 0.801227 0.930504 0.067047 0.105738
2 0.567047 0.954859 0.088844 0.090281
2 0.563555 0.858548 0.071797 0.105621
1 0.397539 0.655831 0.054359 0.040187
