0 0.326030 0.485137 0.073380 0.128825
0 0.185390 0.457875 0.038140 0.061300
0 0.280820 0.475087 0.032880 0.070975
0 0.238320 0.448000 0.039840 0.036750
0 0.208870 0.457687 0.013860 0.023275
0 0.145270 0.482787 0.007020 0.017075
0 0.111630 0.477375 0.021780 0.025600
0 0.054290 0.576388 0.036860 0.031975
2 0.573460 0.756450 0.064560 0.060800
2 0.793090 0.860050 0.071860 0.061650
0 0.973760 0.556925 0.050200 0.091400
0 0.983580 0.513813 0.032280 0.047025
0 0.931000 0.539337 0.026240 0.047225
0 0.284430 0.518813 0.025380 0.048575
0 0.053620 0.485488 0.041680 0.049475
1 0.721490 0.734125 0.066340 0.045850
