2 0.591089 0.779672 0.114590 0.027625
2 0.449204 0.769062 0.064450 0.020563
2 0.470808 0.743680 0.059087 0.024328
2 0.492939 0.731695 0.045363 0.020734
2 0.552623 0.795086 0.056909 0.025422
1 0.515667 0.790680 0.036487 0.022234
1 0.454274 0.781219 0.018431 0.017156
1 0.499977 0.787148 0.029180 0.032141
1 0.482529 0.789961 0.016768 0.029203
2 0.583115 0.766813 0.069040 0.017688
2 0.606335 0.761320 0.079040 0.032047
2 0.467166 0.758695 0.063747 0.025641
2 0.594696 0.748328 0.043911 0.013750
2 0.598138 0.604133 0.061335 0.028484
