2 0.223273 0.390521 0.051297 0.064667
2 0.277430 0.421583 0.038422 0.049292
2 0.253836 0.466885 0.038453 0.039229
2 0.196242 0.441229 0.044609 0.052708
2 0.174234 0.475271 0.033313 0.025583
2 0.180000 0.398823 0.031750 0.058813
2 0.201375 0.353135 0.054469 0.055063
0 0.103336 0.286125 0.067578 0.317208
0 0.373781 0.263229 0.074438 0.332917
0 0.544375 0.221917 0.074156 0.334833
0 0.807305 0.142698 0.205609 0.285396
0 0.298055 0.263542 0.125172 0.305083
0 0.498750 0.219729 0.062875 0.321625
0 0.653672 0.159771 0.188000 0.319542
0 0.087344 0.311469 0.174687 0.360354
0 0.463484 0.213490 0.134844 0.350562
1 0.593609 0.903813 0.090812 0.105375
1 0.750844 0.948313 0.099437 0.103375
1 0.641469 0.917542 0.231094 0.164333
1 0.843852 0.940615 0.101234 0.118771
1 0.956000 0.947667 0.088000 0.104667
1 0.927258 0.980208 0.089891 0.039583
1 0.809313 0.979010 0.103906 0.041979
1 0.903266 0.945021 0.020938 0.025833
1 0.596016 0.832979 0.034219 0.038917
1 0.944742 0.097906 0.110516 0.193812
2 0.819750 0.811969 0.212094 0.110104
2 0.580031 0.641323 0.029156 0.053146
2 0.237453 0.431271 0.045312 0.046250
2 0.212133 0.464292 0.048953 0.045125
