0 0.137880 0.376198 0.024600 0.035988
0 0.185940 0.391856 0.027160 0.033293
0 0.584300 0.411886 0.029040 0.037844
0 0.234690 0.361003 0.023980 0.028772
0 0.404830 0.355524 0.016940 0.034162
0 0.540170 0.353054 0.034900 0.036228
0 0.624590 0.424626 0.029820 0.043323
0 0.424730 0.357695 0.020140 0.029461
0 0.287990 0.367246 0.030540 0.036946
0 0.208940 0.378353 0.025040 0.039641
1 0.501480 0.519012 0.053080 0.056826
1 0.502310 0.562440 0.043700 0.024880
1 0.547040 0.517889 0.007640 0.009551
1 0.760830 0.546317 0.052940 0.037725
1 0.633600 0.540539 0.061800 0.058443
1 0.444920 0.530105 0.060080 0.044222
2 0.565540 0.556602 0.006840 0.009431
2 0.554770 0.560374 0.029020 0.024222
0 0.685370 0.410524 0.028820 0.040689
0 0.685900 0.367949 0.022600 0.038533
0 0.449880 0.400988 0.020160 0.031796
1 0.583300 0.509027 0.045680 0.030689
2 0.270440 0.491677 0.008280 0.011617
