1 0.333406 0.532187 0.252979 0.064531
1 0.421552 0.492898 0.082604 0.035484
1 0.513615 0.570094 0.108646 0.117156
2 0.261354 0.811008 0.458375 0.352578
2 0.753208 0.838367 0.110375 0.069078
2 0.788146 0.809281 0.404625 0.334781
1 0.353219 0.613539 0.039146 0.031547
1 0.429417 0.591414 0.041125 0.037672
1 0.593792 0.523664 0.046667 0.015672
1 0.682521 0.555688 0.045833 0.030781
1 0.659094 0.567969 0.042438 0.026625
1 0.712802 0.589320 0.042354 0.032391
1 0.289396 0.604914 0.318417 0.093734
1 0.525833 0.495953 0.036083 0.034937
1 0.647687 0.525305 0.038500 0.020391
1 0.628260 0.623336 0.053937 0.025609
2 0.589729 0.356625 0.046917 0.044469
2 0.615437 0.492328 0.061250 0.035000
