0 0.198360 0.506500 0.030053 0.033840
0 0.140467 0.582120 0.036453 0.043240
0 0.227547 0.694140 0.033333 0.045960
0 0.282080 0.572670 0.062080 0.022740
0 0.245467 0.607270 0.042507 0.024420
0 0.254027 0.588250 0.079733 0.030580
0 0.202413 0.596200 0.063600 0.052600
0 0.159467 0.581430 0.033333 0.047940
1 0.193827 0.694450 0.033093 0.037140
1 0.249773 0.696080 0.029413 0.032720
2 0.232933 0.794140 0.115253 0.050360
2 0.127880 0.687320 0.033787 0.024720
2 0.151720 0.779490 0.023760 0.017300
0 0.218667 0.499800 0.042400 0.040160
0 0.293147 0.589530 0.038613 0.017780
1 0.401653 0.560460 0.011040 0.007280
1 0.158560 0.679120 0.029067 0.022120
1 0.154560 0.697980 0.030720 0.017920
1 0.363000 0.559570 0.027600 0.010740
1 0.109240 0.672080 0.020240 0.023640
2 0.253267 0.700280 0.035387 0.039800
1 0.133160 0.669230 0.027493 0.017940
