0 0.740258 0.282549 0.405516 0.539216
1 0.347930 0.442488 0.151141 0.227721
2 0.446625 0.625833 0.189281 0.259804
2 0.245398 0.428689 0.103016 0.217574
2 0.702906 0.640319 0.157875 0.250000
1 0.424758 0.841581 0.176203 0.276397
1 0.582445 0.578370 0.163516 0.251691
1 0.583109 0.830772 0.164750 0.253946
1 0.277766 0.674081 0.170094 0.248750
1 0.775031 0.473039 0.171906 0.253922
1 0.749242 0.845686 0.169047 0.285392
1 0.607711 0.113211 0.145109 0.217108
1 0.485305 0.177439 0.134516 0.193162
1 0.630188 0.408664 0.158281 0.227819
1 0.429984 0.056728 0.121125 0.111544
