1 0.797280 0.936320 0.032640 0.038240
1 0.820080 0.914093 0.034200 0.039920
1 0.893410 0.918773 0.026340 0.041973
1 0.919730 0.884720 0.021740 0.037760
2 0.559150 0.832120 0.016100 0.024133
2 0.559750 0.850253 0.011620 0.014427
2 0.569570 0.859667 0.028300 0.040080
2 0.531900 0.807200 0.016040 0.021387
2 0.514660 0.851040 0.023120 0.034080
0 0.510750 0.486533 0.022340 0.047200
0 0.537280 0.489240 0.036720 0.050160
0 0.558360 0.489800 0.021520 0.046107
0 0.573940 0.492853 0.033200 0.046827
0 0.622280 0.497427 0.020440 0.046053
0 0.711310 0.495160 0.034100 0.048880
0 0.733160 0.499893 0.015560 0.052107
0 0.483190 0.489373 0.036780 0.052293
0 0.757510 0.498293 0.011500 0.049813
0 0.593110 0.490573 0.040500 0.052613
0 0.638570 0.498600 0.026020 0.050427
1 0.227530 0.802027 0.079900 0.035413
1 0.849870 0.953067 0.028100 0.042133
1 0.811850 0.972133 0.092500 0.055733
1 0.868000 0.944813 0.027520 0.048293
2 0.925370 0.806013 0.089220 0.035707
2 0.450910 0.640360 0.013700 0.010960
2 0.477200 0.666787 0.058400 0.045093
0 0.679740 0.501240 0.026600 0.053467
1 0.913290 0.914440 0.015500 0.029520
1 0.116740 0.866120 0.101880 0.073360
1 0.950790 0.913120 0.037940 0.044960
1 0.868800 0.850093 0.110560 0.050000
2 0.920410 0.959133 0.025780 0.028720
2 0.269720 0.760600 0.074040 0.038960
2 0.384780 0.759613 0.050280 0.031227
0 0.661160 0.498693 0.028320 0.045013
1 0.900430 0.889813 0.021660 0.040693
