2 0.267766 0.581232 0.028000 0.037723
1 0.228180 0.571021 0.021641 0.032512
1 0.251477 0.590376 0.030391 0.034131
1 0.231016 0.595681 0.015063 0.028451
1 0.189648 0.585810 0.017859 0.035657
1 0.173750 0.607312 0.023250 0.019366
1 0.209977 0.570951 0.029203 0.036455
1 0.156711 0.563134 0.027453 0.036080
1 0.123336 0.583392 0.023453 0.031714
1 0.325656 0.498016 0.056250 0.071667
1 0.093688 0.569941 0.179469 0.100915
2 0.119953 0.561995 0.031281 0.035070
2 0.056086 0.589249 0.027078 0.032817
2 0.304617 0.575869 0.037234 0.047700
2 0.288734 0.593451 0.013781 0.017230
1 0.211242 0.595446 0.032422 0.028263
