1 0.627615 0.940438 0.363229 0.119125
1 0.308792 0.928609 0.291583 0.142781
1 0.175271 0.815961 0.300458 0.223016
1 0.094625 0.904781 0.189250 0.176625
1 0.488917 0.834016 0.239792 0.180563
2 0.303177 0.623984 0.194646 0.144625
1 0.788813 0.857414 0.308458 0.238203
1 0.923417 0.966187 0.145125 0.067625
1 0.915719 0.770734 0.167313 0.138063
1 0.963375 0.873180 0.073250 0.198547
1 0.043344 0.768437 0.086688 0.120875
2 0.211083 0.551992 0.173583 0.125734
2 0.555844 0.497906 0.169688 0.119469
2 0.389490 0.371961 0.123229 0.083109
2 0.358479 0.463305 0.154167 0.099203
2 0.201125 0.478508 0.176375 0.084797
2 0.228573 0.490906 0.457146 0.488312
2 0.640521 0.524023 0.718958 0.556766
