1 0.152938 0.821417 0.305781 0.245208
1 0.162016 0.754031 0.323375 0.208938
2 0.214656 0.673010 0.019469 0.024146
2 0.226039 0.685635 0.021016 0.022479
2 0.247266 0.692417 0.017250 0.024708
2 0.196195 0.667448 0.018391 0.022604
2 0.285391 0.705000 0.011531 0.014083
2 0.298414 0.705927 0.019453 0.020562
2 0.291250 0.677875 0.011781 0.013333
2 0.236570 0.645208 0.016891 0.020000
2 0.154406 0.653875 0.075313 0.037875
2 0.259016 0.694344 0.010437 0.011562
2 0.278336 0.665583 0.013891 0.020125
2 0.278758 0.713573 0.016578 0.018271
2 0.305945 0.721042 0.024266 0.025833
