2 0.720327 0.375123 0.047190 0.036618
2 0.838448 0.405662 0.294804 0.108480
0 0.640417 0.917851 0.155180 0.107533
0 0.761560 0.828685 0.138905 0.109559
0 0.511005 0.334289 0.071977 0.096422
0 0.112843 0.954641 0.044216 0.034379
0 0.301569 0.531275 0.087451 0.125556
0 0.390147 0.329959 0.070621 0.105931
0 0.397042 0.843480 0.135980 0.125752
0 0.519534 0.785743 0.159003 0.126029
0 0.587696 0.746626 0.129314 0.101389
0 0.303570 0.667761 0.119199 0.126013
0 0.436454 0.805204 0.135000 0.110147
2 0.741315 0.378987 0.033056 0.028072
0 0.225261 0.247402 0.210948 0.174477
0 0.711879 0.895008 0.169575 0.108154
2 0.670989 0.378219 0.029199 0.036667
