2 0.789141 0.191702 0.078625 0.116502
2 0.787906 0.176174 0.192312 0.344554
1 0.433289 0.816138 0.079734 0.120681
1 0.348398 0.798850 0.071891 0.103521
1 0.266531 0.944847 0.071188 0.110305
1 0.338742 0.930552 0.082109 0.129131
1 0.413781 0.929824 0.062969 0.120117
1 0.193570 0.861221 0.060984 0.066056
1 0.108445 0.906737 0.139109 0.164038
1 0.255734 0.870704 0.089312 0.077840
1 0.571930 0.849096 0.073453 0.119366
1 0.872969 0.841185 0.073625 0.108615
1 0.912281 0.935563 0.070469 0.115493
1 0.667961 0.847183 0.074484 0.091362
2 0.861586 0.948322 0.112797 0.103357
2 0.665719 0.941092 0.121469 0.117817
1 0.741656 0.857054 0.073594 0.104624
