1 0.669656 0.900000 0.614229 0.177531
1 0.778031 0.801797 0.443937 0.224219
1 0.747000 0.566797 0.063167 0.043344
1 0.776052 0.340031 0.065437 0.033375
1 0.113187 0.332797 0.042500 0.020469
1 0.113594 0.475414 0.043896 0.021547
1 0.150604 0.657406 0.301208 0.135344
1 0.088615 0.773852 0.177229 0.185609
1 0.851052 0.365914 0.070104 0.040391
1 0.792135 0.552430 0.415729 0.188766
1 0.202594 0.489961 0.206396 0.114359
1 0.712760 0.358039 0.076188 0.037047
2 0.430313 0.523672 0.409083 0.134187
2 0.442167 0.327992 0.388333 0.099609
2 0.432896 0.715094 0.412875 0.176656
2 0.257354 0.865539 0.476208 0.255203
1 0.170927 0.329875 0.324229 0.070125
