0 0.677140 0.573524 0.102800 0.088614
0 0.581420 0.472033 0.053520 0.055271
0 0.336490 0.614157 0.307140 0.081566
1 0.746260 0.474533 0.089040 0.099548
2 0.780670 0.572982 0.145580 0.132470
2 0.602620 0.396702 0.093120 0.083464
2 0.160520 0.780648 0.227080 0.242922
2 0.318000 0.429880 0.119240 0.153253
2 0.648780 0.468901 0.104440 0.091295
2 0.579200 0.354096 0.043880 0.057289
2 0.192520 0.311235 0.058800 0.068554
2 0.229150 0.263313 0.040740 0.039759
2 0.457810 0.519910 0.106900 0.135482
0 0.890480 0.724458 0.098960 0.159398
1 0.344840 0.546446 0.095640 0.064337
2 0.476700 0.267545 0.040440 0.022380
1 0.683840 0.398705 0.060360 0.059759
1 0.933170 0.596205 0.115180 0.124578
1 0.561080 0.775738 0.171120 0.230693
1 0.230430 0.340617 0.088740 0.097681
1 0.249950 0.295136 0.051500 0.035572
1 0.171780 0.259925 0.056240 0.039729
1 0.216910 0.535617 0.157900 0.206416
1 0.112360 0.241807 0.055960 0.079819
1 0.189800 0.234970 0.041240 0.016867
2 0.853520 0.517982 0.178120 0.248795
2 0.245920 0.253434 0.049400 0.051145
0 0.121240 0.420828 0.054280 0.064066
1 0.398820 0.449864 0.063720 0.113464
