2 0.909555 0.357573 0.180891 0.239187
1 0.590133 0.566521 0.118047 0.155000
1 0.460289 0.413125 0.132922 0.178083
1 0.292414 0.474156 0.129766 0.170771
1 0.278906 0.662031 0.132937 0.182229
1 0.309688 0.859927 0.135750 0.158604
1 0.719594 0.835583 0.189188 0.207208
1 0.443266 0.568542 0.124719 0.161792
1 0.921227 0.643896 0.157547 0.196542
1 0.695461 0.316885 0.112984 0.088313
1 0.525227 0.825573 0.172891 0.242479
1 0.721828 0.652844 0.141844 0.170979
1 0.715633 0.455125 0.129453 0.168542
1 0.199297 0.408281 0.115594 0.154146
