0 0.089047 0.893384 0.036906 0.105371
0 0.236469 0.935666 0.091281 0.128668
0 0.276680 0.895797 0.063266 0.128057
0 0.513000 0.919847 0.176906 0.137074
0 0.659781 0.928504 0.134688 0.142991
0 0.737750 0.902314 0.151281 0.152489
0 0.367539 0.937325 0.131734 0.125349
0 0.414156 0.890568 0.090219 0.127817
0 0.580867 0.892467 0.059578 0.172140
0 0.222016 0.858854 0.098812 0.159454
0 0.747664 0.854847 0.130984 0.183537
0 0.680172 0.846234 0.080594 0.116659
1 0.445250 0.516354 0.058375 0.029738
1 0.490242 0.520983 0.010453 0.013100
2 0.237977 0.688100 0.054109 0.089738
2 0.347852 0.692817 0.072891 0.092751
2 0.278117 0.658319 0.186797 0.174629
2 0.490602 0.659989 0.080016 0.111812
2 0.035055 0.562751 0.024484 0.025328
2 0.068781 0.542959 0.053562 0.042904
0 0.625516 0.834934 0.077156 0.088341
1 0.502656 0.516190 0.008438 0.009629
1 0.711906 0.478002 0.084250 0.026266
1 0.404164 0.479007 0.060016 0.027096
