0 0.377562 0.225500 0.245750 0.071969
2 0.286958 0.677734 0.160292 0.114219
2 0.106156 0.437922 0.122063 0.112719
2 0.402979 0.620852 0.070208 0.091609
2 0.406104 0.553875 0.081375 0.073250
0 0.139323 0.300000 0.272646 0.195500
0 0.677792 0.148898 0.340125 0.189672
0 0.426271 0.156477 0.289792 0.084328
0 0.365896 0.184281 0.204125 0.070250
1 0.188885 0.418055 0.149146 0.104547
1 0.449187 0.351008 0.175542 0.126016
1 0.219927 0.513594 0.144271 0.118438
1 0.498875 0.626570 0.154458 0.128797
1 0.295135 0.567414 0.176771 0.128078
1 0.450708 0.530336 0.056500 0.074172
1 0.332625 0.393273 0.096125 0.059922
1 0.452052 0.812250 0.118313 0.086906
1 0.528958 0.261641 0.157250 0.119094
1 0.602896 0.674563 0.098417 0.078312
2 0.227510 0.308336 0.055646 0.045266
1 0.355948 0.461328 0.161479 0.130312
1 0.685604 0.732859 0.120875 0.092344
1 0.657760 0.802477 0.114562 0.084797
0 0.678792 0.466234 0.512542 0.340250
