2 0.504140 0.418773 0.513800 0.490293
0 0.069310 0.380827 0.134740 0.154133
0 0.531740 0.715053 0.176960 0.258427
0 0.731460 0.628093 0.232600 0.204507
0 0.163490 0.657307 0.155060 0.137067
0 0.226360 0.782533 0.185160 0.149333
0 0.402020 0.833333 0.199320 0.213973
0 0.798880 0.456933 0.235960 0.204480
0 0.094380 0.591013 0.185400 0.121333
0 0.084270 0.484547 0.137100 0.132347
0 0.157590 0.296253 0.133140 0.134853
0 0.854950 0.382360 0.171020 0.117733
0 0.872190 0.249427 0.197180 0.157307
2 0.269900 0.317493 0.206840 0.206293
0 0.811830 0.189053 0.133820 0.120880
