2 0.206961 0.376177 0.329016 0.146229
0 0.839125 0.203750 0.031125 0.012833
0 0.859625 0.191865 0.029406 0.033604
1 0.251125 0.797750 0.175281 0.166292
1 0.770273 0.890760 0.165547 0.193687
1 0.234266 0.916479 0.155062 0.143833
1 0.128141 0.810490 0.067750 0.093938
1 0.272562 0.613979 0.144906 0.266792
1 0.153789 0.887385 0.067766 0.105188
1 0.132297 0.719104 0.126406 0.130333
1 0.039859 0.675333 0.056250 0.066125
1 0.061055 0.586500 0.038391 0.032333
1 0.939891 0.689885 0.120219 0.161812
1 0.552805 0.696635 0.064047 0.080896
1 0.025508 0.596750 0.042453 0.022625
1 0.022617 0.556937 0.045234 0.098208
