1 0.811600 0.425133 0.376800 0.314747
1 0.913470 0.073040 0.070220 0.062133
1 0.820850 0.095160 0.358300 0.190320
1 0.152030 0.106987 0.283780 0.193707
1 0.790450 0.828093 0.417980 0.321360
1 0.097830 0.810133 0.188860 0.249493
2 0.380060 0.811987 0.389320 0.348293
2 0.558210 0.446040 0.068380 0.092560
2 0.531810 0.302427 0.062980 0.080800
2 0.464330 0.520227 0.069100 0.096613
2 0.502810 0.161427 0.060540 0.085200
2 0.416590 0.311800 0.066300 0.081307
2 0.375210 0.442960 0.059780 0.085600
2 0.300000 0.317987 0.060680 0.074160
2 0.493270 0.444733 0.063820 0.086053
2 0.406850 0.518013 0.055660 0.094853
2 0.531180 0.384320 0.066320 0.097440
1 0.130160 0.405067 0.259000 0.277493
2 0.532550 0.526013 0.066780 0.090000
2 0.355180 0.376480 0.060120 0.083307
