2 0.872963 0.823445 0.254075 0.218141
2 0.587799 0.925492 0.316206 0.149016
2 0.680070 0.818492 0.210820 0.119109
2 0.881663 0.968609 0.236674 0.061594
2 0.975925 0.658352 0.048150 0.117734
1 0.566616 0.668172 0.343162 0.201969
1 0.424415 0.492719 0.295152 0.184719
1 0.227576 0.364555 0.292482 0.173391
1 0.506101 0.316883 0.280304 0.207797
1 0.687717 0.461492 0.295855 0.177359
1 0.795843 0.626445 0.266628 0.159484
1 0.594625 0.256016 0.241054 0.157969
1 0.317295 0.167531 0.315340 0.220781
1 0.086581 0.259539 0.173162 0.178234
1 0.276230 0.685969 0.254192 0.168469
1 0.036347 0.383609 0.072693 0.135094
1 0.103173 0.448953 0.203536 0.047500
1 0.869262 0.093891 0.261475 0.181375
