0 0.857250 0.190195 0.285500 0.275109
2 0.668792 0.277805 0.155083 0.094234
2 0.487115 0.275367 0.163271 0.090859
2 0.336531 0.263805 0.155854 0.113172
2 0.718562 0.216977 0.172958 0.108484
2 0.682573 0.133133 0.116271 0.077734
2 0.506906 0.152484 0.088063 0.063062
2 0.813240 0.249844 0.092688 0.044531
1 0.327354 0.658445 0.451417 0.282516
1 0.721552 0.374156 0.193979 0.133781
1 0.441073 0.343164 0.154479 0.113734
1 0.556583 0.376859 0.177875 0.123875
1 0.601552 0.320422 0.129271 0.062844
2 0.578344 0.274125 0.046437 0.042438
1 0.776146 0.294938 0.132708 0.070469
1 0.305000 0.815117 0.127292 0.100359
1 0.870906 0.333266 0.174687 0.135625
