0 0.398295 0.534422 0.319401 0.104188
0 0.672016 0.696516 0.295922 0.148875
0 0.661601 0.733469 0.371682 0.147594
1 0.603687 0.355297 0.182765 0.136219
1 0.907892 0.557055 0.144078 0.142984
2 0.601889 0.482313 0.187097 0.130219
2 0.756141 0.535094 0.143295 0.107000
2 0.575680 0.853805 0.132880 0.069766
0 0.892039 0.464258 0.214078 0.058203
0 0.871164 0.629211 0.206982 0.223078
0 0.235495 0.473492 0.061728 0.050359
1 0.766417 0.422531 0.123618 0.101375
1 0.938410 0.708281 0.123180 0.108438
2 0.978076 0.593531 0.043848 0.086906
0 0.709965 0.712336 0.153802 0.048516
