2 0.431766 0.721104 0.010969 0.015458
2 0.421102 0.719375 0.211672 0.138125
0 0.042828 0.967448 0.018125 0.024438
0 0.215992 0.925406 0.131078 0.149188
0 0.289922 0.930812 0.035375 0.051375
0 0.315328 0.891271 0.072031 0.066375
0 0.223703 0.848042 0.065594 0.038875
0 0.266039 0.820844 0.036078 0.036229
0 0.372688 0.810688 0.030062 0.033083
0 0.392664 0.834208 0.027859 0.016583
0 0.327086 0.850854 0.054359 0.032917
0 0.125305 0.940677 0.065484 0.085938
0 0.412469 0.818521 0.055813 0.065917
0 0.329648 0.966573 0.071797 0.064146
0 0.445203 0.876740 0.040969 0.048729
