1 0.419117 0.227313 0.085422 0.034958
0 0.609516 0.472010 0.091094 0.125729
0 0.563469 0.529375 0.129156 0.086708
0 0.760797 0.417896 0.111813 0.089458
0 0.457656 0.414938 0.059531 0.061292
0 0.406297 0.407562 0.035094 0.029542
0 0.543141 0.448688 0.059062 0.071625
0 0.473281 0.495125 0.040250 0.078208
0 0.678562 0.395042 0.085406 0.048667
0 0.507062 0.481563 0.083969 0.097500
0 0.529992 0.395521 0.055047 0.048042
0 0.383937 0.394708 0.015219 0.013333
0 0.599406 0.395958 0.109750 0.057083
0 0.442383 0.488292 0.083984 0.088542
