0 0.728055 0.721851 0.040297 0.048483
0 0.614148 0.691920 0.023828 0.077218
0 0.853297 0.771793 0.166469 0.185977
0 0.728719 0.612322 0.116625 0.079770
0 0.540273 0.602115 0.085266 0.078667
0 0.652547 0.680149 0.037937 0.057172
0 0.497516 0.646402 0.094906 0.083333
0 0.908469 0.685425 0.052469 0.047908
0 0.892914 0.699644 0.112703 0.089218
0 0.667414 0.656425 0.047672 0.030828
0 0.842820 0.680138 0.050391 0.053701
0 0.586711 0.678483 0.070984 0.092138
2 0.348508 0.590897 0.034359 0.048230
2 0.322078 0.546356 0.036000 0.044759
0 0.637258 0.689345 0.025859 0.068621
2 0.253266 0.544000 0.035500 0.050161
