1 0.216391 0.404781 0.085062 0.139521
1 0.039953 0.507104 0.079906 0.127042
1 0.162164 0.610365 0.077703 0.137396
1 0.332859 0.358427 0.099437 0.132604
1 0.146852 0.443573 0.085828 0.090979
1 0.051289 0.412438 0.075672 0.085208
1 0.266930 0.320583 0.081422 0.127833
1 0.377617 0.303260 0.077203 0.114229
1 0.158180 0.507740 0.100297 0.101229
1 0.078992 0.683250 0.096453 0.130750
1 0.092266 0.494365 0.043281 0.083146
2 0.931531 0.635385 0.132344 0.186021
2 0.469109 0.182396 0.069750 0.102708
2 0.130523 0.910396 0.128578 0.137667
2 0.154867 0.750646 0.142203 0.187000
1 0.164750 0.371917 0.063594 0.061042
1 0.073047 0.581042 0.091563 0.109083
2 0.059008 0.236208 0.058578 0.072375
2 0.121617 0.101344 0.051141 0.063812
2 0.226000 0.143833 0.053969 0.075625
2 0.900000 0.410385 0.140250 0.166229
2 0.075648 0.129927 0.056547 0.061687
2 0.278273 0.028229 0.055953 0.056458
2 0.248070 0.044521 0.052578 0.050875
2 0.131023 0.270792 0.064766 0.077542
