0 0.447430 0.107158 0.044860 0.104075
0 0.482260 0.086046 0.032200 0.085710
2 0.067010 0.676086 0.133700 0.244772
2 0.542600 0.901649 0.055840 0.077239
2 0.615250 0.879196 0.061260 0.074960
2 0.567330 0.829370 0.049580 0.046461
2 0.576350 0.869517 0.041700 0.067399
1 0.417840 0.818606 0.275680 0.236515
1 0.156040 0.629517 0.032680 0.036300
1 0.076220 0.610389 0.036520 0.035630
2 0.650250 0.866126 0.045540 0.064906
2 0.673130 0.914290 0.029460 0.063592
2 0.710660 0.919263 0.046040 0.062708
2 0.495850 0.918499 0.063180 0.076354
2 0.687220 0.974611 0.043960 0.040268
2 0.447370 0.961340 0.055860 0.070456
0 0.547790 0.172051 0.054060 0.078794
0 0.418350 0.097091 0.071780 0.128284
0 0.478660 0.081595 0.021160 0.062654
0 0.509390 0.140845 0.078300 0.091019
0 0.467230 0.029544 0.042860 0.058928
0 0.494560 0.033418 0.017880 0.066032
