0 0.082922 0.411215 0.155844 0.426624
0 0.150797 0.422813 0.085469 0.414066
1 0.059516 0.669015 0.119031 0.234757
1 0.048156 0.438824 0.093437 0.247059
2 0.245961 0.175563 0.085203 0.115575
2 0.148438 0.062212 0.093219 0.124425
2 0.158492 0.173350 0.086453 0.132072
2 0.024547 0.323708 0.048562 0.061586
2 0.246578 0.079028 0.083375 0.105473
2 0.207203 0.017992 0.057781 0.035320
2 0.315742 0.106061 0.071359 0.128389
2 0.281445 0.029220 0.065891 0.053939
2 0.114531 0.110153 0.039031 0.089463
2 0.091531 0.032992 0.036187 0.065985
2 0.343047 0.032059 0.067625 0.063248
