1 0.341586 0.740361 0.242922 0.277444
1 0.333703 0.268542 0.202250 0.168528
1 0.120086 0.746819 0.237641 0.348306
1 0.760953 0.248319 0.207313 0.222472
1 0.797477 0.743417 0.249734 0.277278
2 0.536453 0.181958 0.234187 0.352472
2 0.540664 0.805986 0.047672 0.078083
2 0.565109 0.758778 0.045000 0.080667
2 0.629336 0.731444 0.041172 0.070833
2 0.494242 0.773042 0.045516 0.071917
2 0.504984 0.687639 0.039188 0.089889
1 0.136430 0.239819 0.042391 0.074583
1 0.089852 0.163639 0.179703 0.327278
2 0.571242 0.743514 0.244828 0.284972
