0 0.208469 0.624906 0.051531 0.054481
0 0.274375 0.658892 0.053969 0.058113
0 0.356852 0.606557 0.022109 0.049481
0 0.401680 0.750130 0.029734 0.049505
0 0.471930 0.730554 0.015359 0.021533
0 0.597664 0.702111 0.043828 0.047146
0 0.611953 0.646498 0.023906 0.037948
0 0.471781 0.503467 0.039469 0.055000
0 0.424836 0.617724 0.036672 0.048325
2 0.211516 0.766792 0.024531 0.034906
0 0.239039 0.667606 0.013578 0.043373
0 0.405625 0.434965 0.029719 0.049080
0 0.356664 0.731733 0.044797 0.063231
2 0.229461 0.798785 0.019203 0.017665
2 0.181578 0.796344 0.029500 0.036557
2 0.214539 0.808880 0.018016 0.016014
2 0.115867 0.836132 0.018391 0.017594
2 0.165766 0.810448 0.027531 0.040519
2 0.180727 0.764269 0.025547 0.033208
2 0.191000 0.817241 0.027406 0.019953
0 0.257570 0.614222 0.049891 0.063491
