2 0.411414 0.368927 0.010891 0.013646
2 0.435969 0.381062 0.016156 0.016833
2 0.419570 0.384927 0.015797 0.016479
2 0.407516 0.381229 0.011500 0.015750
2 0.396125 0.384594 0.016250 0.014521
2 0.382141 0.378812 0.014938 0.020583
2 0.394711 0.360594 0.019484 0.017688
2 0.369422 0.390052 0.017938 0.017229
2 0.421328 0.374354 0.014188 0.017250
2 0.394336 0.372771 0.013641 0.012375
2 0.372875 0.406385 0.022531 0.028646
2 0.388031 0.396104 0.019469 0.019167
1 0.731547 0.364083 0.018094 0.017208
1 0.716734 0.404969 0.009938 0.011771
1 0.471898 0.366990 0.017672 0.019146
1 0.482297 0.359802 0.013969 0.018771
1 0.795016 0.410281 0.007812 0.010687
1 0.293570 0.408573 0.116797 0.042646
1 0.706344 0.360510 0.013688 0.015396
1 0.502156 0.360448 0.025312 0.022396
1 0.354344 0.372094 0.028656 0.015646
1 0.550563 0.365677 0.014438 0.017229
1 0.581961 0.362260 0.035453 0.026104
1 0.447672 0.371396 0.013750 0.015542
2 0.414352 0.361000 0.013953 0.010917
