1 0.456448 0.611742 0.087396 0.060422
1 0.373052 0.606055 0.083354 0.063516
1 0.379021 0.537523 0.276917 0.173516
1 0.516021 0.188398 0.231792 0.095609
1 0.210792 0.384633 0.421583 0.514016
2 0.624323 0.538117 0.293187 0.207828
2 0.430781 0.080367 0.036813 0.022203
2 0.022594 0.573852 0.045188 0.066297
2 0.391333 0.145594 0.043167 0.021750
2 0.116927 0.123773 0.058729 0.033922
2 0.172688 0.111578 0.067542 0.049969
2 0.366677 0.107984 0.037563 0.031187
2 0.367531 0.078977 0.086063 0.064484
2 0.419802 0.128055 0.040896 0.030266
