1 0.311047 0.593009 0.031156 0.054684
1 0.346305 0.166956 0.032797 0.053021
1 0.377539 0.169016 0.036141 0.056487
1 0.461742 0.251850 0.027734 0.037424
1 0.601055 0.689297 0.100953 0.099532
1 0.329125 0.676335 0.029687 0.055199
1 0.207555 0.199567 0.029172 0.046300
1 0.198555 0.222623 0.015859 0.021218
1 0.179781 0.186077 0.040813 0.047002
1 0.797016 0.456030 0.047344 0.063489
1 0.480086 0.177600 0.027266 0.027564
1 0.828695 0.434110 0.037984 0.049578
2 0.204195 0.209274 0.028234 0.064918
2 0.168281 0.190234 0.026375 0.053724
2 0.329539 0.676429 0.031547 0.057166
2 0.600758 0.739707 0.101516 0.198431
