2 0.517195 0.805199 0.033297 0.047494
2 0.915719 0.592869 0.047719 0.057213
2 0.866711 0.512916 0.023984 0.020820
2 0.685992 0.487283 0.262766 0.150726
2 0.505391 0.826393 0.125656 0.083091
2 0.341188 0.850433 0.046969 0.064333
2 0.639750 0.803712 0.123719 0.055527
2 0.750211 0.783665 0.094484 0.049485
2 0.863250 0.836440 0.110312 0.046042
2 0.817430 0.869906 0.104547 0.061452
2 0.231984 0.894368 0.117969 0.065738
2 0.208359 0.718489 0.105781 0.049813
2 0.967734 0.610855 0.050344 0.063677
1 0.512852 0.767763 0.038828 0.048689
2 0.327578 0.798244 0.100719 0.056393
1 0.399984 0.881604 0.048281 0.038431
1 0.150727 0.840691 0.012172 0.012155
