0 0.507823 0.783133 0.124355 0.071859
0 0.514459 0.690102 0.024309 0.038078
0 0.518260 0.643289 0.041452 0.032359
0 0.543329 0.688859 0.053894 0.053938
0 0.531290 0.715227 0.023134 0.032859
0 0.452684 0.778500 0.063848 0.064531
0 0.152362 0.699742 0.044124 0.066547
1 0.845138 0.712234 0.100415 0.064438
2 0.666025 0.652859 0.016429 0.012625
2 0.878687 0.787008 0.213226 0.101359
2 0.651993 0.628523 0.024539 0.012703
2 0.615507 0.632703 0.021797 0.015063
2 0.628341 0.623484 0.024793 0.018094
2 0.657108 0.616703 0.021866 0.013750
2 0.654078 0.641438 0.027189 0.017531
2 0.634965 0.664312 0.026382 0.014906
2 0.614332 0.657852 0.025668 0.016703
2 0.721325 0.618773 0.024309 0.016297
2 0.681935 0.657461 0.020645 0.011641
2 0.640334 0.607250 0.023387 0.017813
0 0.292177 0.778508 0.113249 0.087609
0 0.105438 0.639742 0.128894 0.067922
0 0.082419 0.695828 0.125530 0.072344
0 0.520876 0.634320 0.125806 0.066578
0 0.506348 0.702117 0.126014 0.089547
2 0.605795 0.613836 0.017719 0.016234
