2 0.692986 0.390594 0.088173 0.056469
2 0.519719 0.413117 0.073396 0.050547
2 0.382400 0.404039 0.078993 0.040547
2 0.625117 0.381969 0.051452 0.022281
2 0.471370 0.385898 0.070984 0.023672
2 0.163958 0.447789 0.066136 0.021047
2 0.237014 0.427875 0.081897 0.025156
2 0.577096 0.394242 0.050773 0.031891
2 0.612436 0.406867 0.093770 0.052797
2 0.727518 0.409531 0.140187 0.035687
2 0.459005 0.406469 0.055152 0.021844
2 0.423571 0.417773 0.754731 0.096703
1 0.487084 0.359695 0.059087 0.022484
1 0.395972 0.365000 0.058267 0.018156
1 0.359496 0.368273 0.034028 0.009953
