1 0.361508 0.799573 0.068484 0.085312
1 0.321070 0.706740 0.635391 0.424729
1 0.588203 0.511240 0.380906 0.249438
1 0.727375 0.448323 0.266031 0.160979
1 0.861938 0.353448 0.153719 0.128729
2 0.460273 0.395750 0.020797 0.029042
2 0.547320 0.358010 0.017922 0.014271
2 0.555562 0.372125 0.025375 0.022542
2 0.584164 0.382146 0.018547 0.027375
2 0.619547 0.379073 0.016031 0.020438
2 0.574719 0.387698 0.018219 0.019396
2 0.607930 0.329229 0.015859 0.016875
2 0.630914 0.322333 0.014703 0.021625
2 0.230750 0.409885 0.039313 0.046146
0 0.992008 0.260156 0.012516 0.019062
0 0.892336 0.267344 0.021859 0.016771
0 0.903891 0.273625 0.023438 0.017083
0 0.930906 0.256729 0.013500 0.021417
0 0.927609 0.274875 0.029375 0.012500
0 0.914977 0.261042 0.008453 0.013750
0 0.903016 0.241958 0.013906 0.028583
0 0.923586 0.238969 0.010516 0.014187
2 0.607695 0.391635 0.016922 0.022562
2 0.519641 0.354438 0.014375 0.010917
2 0.654492 0.346146 0.012859 0.015333
0 0.991672 0.288979 0.016656 0.025333
0 0.910445 0.248687 0.013953 0.014875
0 0.935992 0.238542 0.014297 0.019083
2 0.323234 0.477750 0.049219 0.052500
