0 0.192400 0.736478 0.160800 0.355045
0 0.345540 0.717970 0.227360 0.294388
0 0.102020 0.684433 0.195360 0.331254
0 0.344240 0.504881 0.123520 0.144388
0 0.488700 0.614269 0.157640 0.207045
0 0.256500 0.470179 0.017840 0.063881
0 0.121020 0.503090 0.116080 0.126896
0 0.424540 0.533940 0.064120 0.106507
0 0.331240 0.633284 0.073600 0.177134
0 0.276280 0.480582 0.041960 0.075851
0 0.243720 0.536418 0.095040 0.131821
1 0.325490 0.260985 0.325700 0.293075
1 0.281550 0.086134 0.093340 0.060687
1 0.280460 0.173881 0.053360 0.050687
0 0.060930 0.603866 0.102060 0.233463
1 0.475620 0.321627 0.356600 0.316687
0 0.288510 0.631403 0.066700 0.218269
