1 0.904773 0.109542 0.019891 0.024750
1 0.986297 0.107417 0.027406 0.025208
1 0.969047 0.131708 0.011437 0.026125
1 0.892906 0.128521 0.022937 0.023833
1 0.880773 0.124344 0.021672 0.026396
1 0.914562 0.120240 0.037156 0.059229
1 0.900500 0.103250 0.031031 0.027583
0 0.792875 0.657396 0.222344 0.175292
0 0.442484 0.601844 0.140594 0.116146
0 0.205133 0.581438 0.146641 0.119958
0 0.288195 0.632469 0.172422 0.124771
0 0.636602 0.263406 0.058984 0.049354
0 0.645094 0.611469 0.108375 0.102354
0 0.162664 0.200010 0.098359 0.072938
0 0.359469 0.159490 0.049750 0.015854
0 0.462523 0.138979 0.096672 0.052500
0 0.318813 0.555531 0.091969 0.066479
0 0.450164 0.537656 0.105109 0.054688
0 0.501344 0.632729 0.144531 0.094875
1 0.730086 0.358260 0.031234 0.023604
1 0.683719 0.314823 0.030156 0.033188
1 0.695734 0.340604 0.027531 0.033083
1 0.916438 0.251781 0.021500 0.031021
1 0.653648 0.321094 0.026516 0.030104
0 0.622117 0.705427 0.166328 0.146271
1 0.490711 0.325542 0.031328 0.038583
