0 0.621492 0.745177 0.113766 0.261229
0 0.557320 0.745260 0.087453 0.288604
0 0.433234 0.803531 0.125281 0.232937
0 0.401266 0.781448 0.151781 0.236813
2 0.281516 0.591969 0.072844 0.091938
2 0.273758 0.499625 0.059328 0.059500
2 0.270781 0.458000 0.060937 0.050333
2 0.273578 0.415750 0.054813 0.055125
2 0.323859 0.420625 0.053156 0.053500
1 0.283148 0.666292 0.087641 0.096625
1 0.384289 0.650896 0.069266 0.087833
1 0.541570 0.478844 0.050234 0.031896
1 0.598977 0.477073 0.046328 0.032063
1 0.568727 0.489708 0.035547 0.014583
1 0.583109 0.447573 0.036437 0.041604
1 0.275773 0.540698 0.058422 0.054062
2 0.383633 0.413854 0.048547 0.038208
2 0.330250 0.397813 0.061062 0.057375
1 0.282078 0.746510 0.069562 0.069646
