2 0.578648 0.395573 0.124766 0.176646
2 0.500883 0.576469 0.998234 0.823521
1 0.948875 0.138198 0.101125 0.114604
1 0.097750 0.139333 0.094375 0.103375
1 0.739023 0.138510 0.109797 0.110354
1 0.310359 0.146719 0.106375 0.104813
1 0.631055 0.140292 0.106453 0.100958
1 0.526148 0.139760 0.101547 0.101396
1 0.419688 0.138604 0.108813 0.106208
1 0.842477 0.140427 0.108016 0.099271
1 0.152383 0.058542 0.119297 0.117083
1 0.205008 0.144740 0.100141 0.102937
1 0.324219 0.057302 0.203125 0.106771
1 0.713734 0.062604 0.572531 0.121750
1 0.048508 0.058667 0.096328 0.117333
