0 0.657984 0.340443 0.096062 0.201119
0 0.656023 0.128776 0.097922 0.140816
0 0.724445 0.269592 0.102203 0.154988
0 0.826617 0.360874 0.105203 0.147995
0 0.501375 0.507121 0.024688 0.096200
0 0.449797 0.488846 0.068812 0.103427
0 0.556844 0.679266 0.076656 0.125571
0 0.509977 0.643333 0.056609 0.088205
0 0.318109 0.965769 0.033469 0.068462
0 0.667695 0.166923 0.082797 0.081399
0 0.628219 0.120455 0.111563 0.122774
0 0.589734 0.381294 0.089781 0.159697
0 0.608633 0.251224 0.046234 0.115315
2 0.632031 0.856772 0.028125 0.029068
2 0.627328 0.888601 0.066844 0.059347
2 0.556461 0.935606 0.095172 0.128788
