0 0.409195 0.559594 0.024578 0.038937
0 0.059703 0.425500 0.026687 0.050875
0 0.674453 0.418042 0.032438 0.050667
0 0.032031 0.433906 0.032281 0.053146
0 0.467094 0.406656 0.032313 0.038104
0 0.233687 0.501302 0.006531 0.042396
0 0.469844 0.521563 0.023406 0.028667
0 0.400109 0.474729 0.022687 0.045833
0 0.238297 0.497500 0.026750 0.049042
0 0.640734 0.495229 0.025594 0.039125
0 0.065148 0.507437 0.026859 0.035083
0 0.027594 0.527583 0.017406 0.039292
1 0.660219 0.658344 0.015375 0.015979
1 0.633602 0.637448 0.065641 0.068646
0 0.411844 0.470906 0.017938 0.041479
