0 0.131555 0.618113 0.021859 0.048585
0 0.400023 0.588597 0.081391 0.074552
0 0.702344 0.612630 0.096125 0.086439
0 0.547211 0.248691 0.065359 0.089175
0 0.402000 0.242936 0.072969 0.120542
0 0.257523 0.255059 0.087734 0.102335
0 0.758289 0.619552 0.025953 0.041415
0 0.514844 0.594340 0.012406 0.048160
0 0.267727 0.600071 0.066453 0.043679
0 0.133633 0.606592 0.111734 0.065024
0 0.028766 0.177948 0.026719 0.079575
0 0.795727 0.273738 0.015172 0.034929
0 0.771078 0.606899 0.059031 0.080920
2 0.094039 0.272158 0.038016 0.030778
2 0.132367 0.713915 0.033328 0.042830
2 0.336938 0.553491 0.021937 0.024151
0 0.610914 0.625224 0.020984 0.049835
1 0.728180 0.503349 0.024141 0.033915
1 0.742875 0.513738 0.017938 0.022854
1 0.742156 0.487818 0.093281 0.111627
1 0.166187 0.474292 0.068312 0.051274
1 0.200664 0.269776 0.090016 0.110731
1 0.226328 0.180731 0.025875 0.056368
1 0.211563 0.699351 0.031125 0.038325
1 0.251711 0.173538 0.031141 0.046179
2 0.087805 0.795554 0.034391 0.048986
2 0.447953 0.538290 0.016875 0.027241
2 0.271914 0.538892 0.018703 0.030142
2 0.282336 0.554988 0.020703 0.017193
2 0.270031 0.540118 0.087875 0.050566
2 0.141445 0.520955 0.022641 0.033042
2 0.143852 0.546887 0.021391 0.021038
2 0.165516 0.550943 0.021875 0.030330
2 0.473297 0.558443 0.019094 0.026179
1 0.266523 0.331262 0.064203 0.066580
2 0.560102 0.556285 0.018297 0.019458
