0 0.570188 0.968107 0.044719 0.063785
0 0.456008 0.737827 0.032797 0.024953
0 0.542969 0.731986 0.026406 0.039486
0 0.750930 0.747442 0.100641 0.160117
0 0.868250 0.719533 0.088625 0.116215
0 0.813203 0.816051 0.027781 0.038879
0 0.673508 0.828773 0.169734 0.242780
0 0.481773 0.824439 0.023516 0.038692
0 0.291844 0.814720 0.022500 0.037757
0 0.250297 0.707056 0.033375 0.024065
0 0.379391 0.746963 0.024625 0.028972
0 0.317766 0.747255 0.084562 0.077874
0 0.253109 0.745269 0.014969 0.015023
0 0.508102 0.716787 0.016328 0.029696
0 0.417672 0.654030 0.076281 0.051893
