0 0.594945 0.451118 0.159797 0.329153
0 0.683156 0.493647 0.111437 0.176000
0 0.773141 0.484118 0.101469 0.137788
0 0.835852 0.419671 0.084297 0.110682
0 0.684297 0.352400 0.209969 0.236188
0 0.707891 0.289388 0.079063 0.082918
0 0.799805 0.372588 0.081609 0.087859
1 0.329047 0.531459 0.094000 0.280894
1 0.122945 0.451929 0.080141 0.240047
1 0.232875 0.496682 0.087719 0.264235
1 0.273984 0.397318 0.075906 0.207059
1 0.167750 0.340082 0.095125 0.195082
1 0.401031 0.522871 0.054031 0.094118
1 0.464242 0.425765 0.068203 0.150729
1 0.388000 0.397694 0.042438 0.077412
1 0.430547 0.408753 0.051656 0.065318
1 0.353930 0.361835 0.049297 0.051624
1 0.447781 0.519953 0.052250 0.087859
1 0.405695 0.464929 0.068641 0.078800
0 0.684383 0.254694 0.070578 0.075694
1 0.405469 0.347494 0.060656 0.073953
