0 0.711891 0.520615 0.071844 0.094937
0 0.830391 0.241063 0.047438 0.087750
0 0.702789 0.453729 0.077328 0.096792
0 0.591398 0.445781 0.071703 0.089063
0 0.443977 0.283208 0.048391 0.075500
0 0.469602 0.241812 0.026609 0.063250
0 0.533820 0.230250 0.035859 0.061375
0 0.626852 0.238500 0.045734 0.075042
0 0.756227 0.238260 0.050922 0.089646
0 0.618789 0.444417 0.052109 0.087292
0 0.569164 0.438375 0.061578 0.093625
0 0.553523 0.431750 0.060828 0.095667
2 0.942039 0.132354 0.115922 0.161000
0 0.681289 0.243260 0.040641 0.060062
