0 0.402958 0.668195 0.098125 0.059172
0 0.158667 0.141352 0.240333 0.083984
0 0.443052 0.742711 0.105146 0.098328
0 0.330406 0.734672 0.183854 0.114437
1 0.300750 0.088891 0.099708 0.061375
0 0.350667 0.573445 0.099333 0.140578
0 0.742417 0.584094 0.101625 0.039594
1 0.307062 0.130758 0.095625 0.044203
2 0.466062 0.574836 0.153875 0.102078
2 0.601302 0.552516 0.101854 0.061125
2 0.647010 0.540039 0.077854 0.074984
2 0.577208 0.478586 0.092167 0.051891
1 0.356510 0.718461 0.095937 0.060359
1 0.561938 0.719508 0.081875 0.066672
1 0.634667 0.708125 0.075667 0.069469
1 0.565552 0.571156 0.071604 0.050719
1 0.098302 0.160305 0.080646 0.040422
0 0.416500 0.482031 0.053917 0.078750
0 0.226052 0.669625 0.083687 0.081375
1 0.136396 0.097437 0.065250 0.062938
