0 0.272759 0.410109 0.323813 0.150562
1 0.652475 0.562344 0.092089 0.073656
1 0.734412 0.540969 0.263266 0.166938
0 0.166684 0.561531 0.096126 0.059156
2 0.181755 0.645383 0.099493 0.072891
2 0.255223 0.681914 0.085659 0.075859
2 0.183428 0.713000 0.141379 0.068625
2 0.329980 0.693375 0.119757 0.076625
2 0.467008 0.702234 0.089473 0.078500
2 0.398844 0.720062 0.078783 0.062938
2 0.332779 0.648383 0.084625 0.036109
2 0.389726 0.676125 0.056166 0.030281
2 0.444878 0.752945 0.027241 0.015422
2 0.289493 0.739211 0.097323 0.033266
2 0.382941 0.762797 0.098174 0.070156
