0 0.909172 0.786687 0.070625 0.031125
0 0.172578 0.530104 0.028813 0.034917
0 0.904234 0.802510 0.049906 0.029187
0 0.169359 0.535615 0.019688 0.028646
0 0.905438 0.595250 0.092281 0.094958
0 0.200609 0.531104 0.013406 0.021958
0 0.161906 0.508271 0.036781 0.037583
0 0.676625 0.573187 0.014656 0.022833
0 0.872250 0.805938 0.012969 0.024667
1 0.878031 0.522677 0.099094 0.071354
1 0.037711 0.491271 0.075422 0.085375
1 0.801219 0.463365 0.066531 0.067187
2 0.844562 0.716750 0.012281 0.014083
0 0.901320 0.764271 0.077172 0.044208
0 0.890695 0.834354 0.037359 0.017875
0 0.185844 0.509927 0.023156 0.015437
2 0.977000 0.879823 0.046000 0.077021
2 0.287602 0.752948 0.057141 0.056729
0 0.902109 0.817583 0.038375 0.019208
