1 0.459149 0.594117 0.143214 0.044422
1 0.677279 0.597289 0.086197 0.033797
1 0.775536 0.583758 0.096450 0.033453
2 0.524160 0.656695 0.327689 0.210953
0 0.444737 0.439172 0.056113 0.039781
0 0.758214 0.451570 0.042941 0.033203
0 0.438456 0.489969 0.049559 0.047563
0 0.801891 0.450023 0.046555 0.030172
0 0.603887 0.516656 0.040546 0.026500
0 0.600462 0.469133 0.027185 0.020359
0 0.902952 0.454719 0.036954 0.035563
0 0.839569 0.455195 0.051618 0.030953
0 0.542206 0.456586 0.041303 0.030078
0 0.489212 0.454391 0.023929 0.020938
0 0.381471 0.450008 0.056891 0.032516
0 0.944895 0.486625 0.038109 0.028344
2 0.827290 0.607242 0.101387 0.031016
0 0.384254 0.501406 0.041197 0.036406
