0 0.489188 0.237086 0.683844 0.374592
0 0.173977 0.298182 0.347953 0.588765
0 0.079078 0.181049 0.158156 0.361818
0 0.658664 0.264044 0.682672 0.523939
2 0.568586 0.842506 0.329641 0.225897
2 0.881055 0.360618 0.237891 0.205198
2 0.881102 0.829953 0.237797 0.155058
2 0.396937 0.767214 0.197000 0.294569
2 0.335914 0.651305 0.153641 0.265175
2 0.850266 0.582984 0.251938 0.360186
2 0.655750 0.546632 0.186844 0.343193
2 0.553445 0.448695 0.191266 0.130536
2 0.540797 0.588869 0.225344 0.330932
2 0.888711 0.617879 0.222578 0.410676
0 0.479664 0.089615 0.266391 0.168834
0 0.214148 0.518182 0.247234 0.241538
