2 0.300680 0.286330 0.078301 0.061420
2 0.324745 0.188120 0.075558 0.059520
2 0.236335 0.163020 0.073835 0.069280
2 0.155498 0.166510 0.063908 0.053980
2 0.139976 0.134860 0.071650 0.056280
1 0.617221 0.522450 0.122646 0.099380
1 0.583289 0.609550 0.110413 0.089020
1 0.485643 0.665810 0.114345 0.114220
1 0.300934 0.612470 0.129296 0.100820
1 0.370898 0.459550 0.103641 0.114620
1 0.464199 0.457090 0.076505 0.066140
1 0.598155 0.429860 0.109563 0.084480
1 0.821044 0.677600 0.113155 0.094520
1 0.720279 0.610400 0.117743 0.091880
1 0.259078 0.520220 0.120000 0.101120
1 0.797706 0.545690 0.111820 0.107860
2 0.208689 0.217990 0.074660 0.058100
2 0.353774 0.141710 0.062694 0.051060
2 0.317646 0.241060 0.081990 0.051600
2 0.167840 0.107150 0.061019 0.050820
2 0.221177 0.097930 0.051141 0.037900
2 0.270133 0.096740 0.062646 0.042240
1 0.513883 0.571550 0.125097 0.103060
2 0.395073 0.250700 0.074369 0.057440
1 0.718301 0.484290 0.107913 0.080980
2 0.268871 0.130040 0.078131 0.053120
