0 0.607383 0.177948 0.060484 0.017854
0 0.548781 0.163542 0.069969 0.039833
1 0.162695 0.077385 0.036297 0.040604
2 0.589008 0.713094 0.024578 0.022604
2 0.627656 0.696854 0.039375 0.051542
2 0.656750 0.713208 0.035187 0.025167
2 0.583258 0.688219 0.038016 0.039479
2 0.586953 0.660937 0.035906 0.037500
2 0.602227 0.693479 0.145328 0.100042
1 0.244086 0.291667 0.173984 0.090083
1 0.238102 0.296000 0.033453 0.052167
1 0.167992 0.116021 0.039922 0.049083
1 0.236195 0.130104 0.098484 0.047833
1 0.191961 0.115708 0.020453 0.033625
1 0.137742 0.108406 0.031828 0.034854
1 0.113398 0.073833 0.021703 0.033167
