1 0.327723 0.630172 0.053571 0.031062
1 0.253996 0.569852 0.042009 0.030297
1 0.286004 0.637344 0.042768 0.016281
1 0.284252 0.551977 0.042567 0.030047
1 0.276908 0.611086 0.047969 0.040953
1 0.231518 0.578648 0.031786 0.023922
1 0.172790 0.558977 0.040491 0.025578
2 0.488036 0.714313 0.026205 0.011250
2 0.453359 0.742758 0.051406 0.023203
2 0.487366 0.706281 0.016920 0.009500
2 0.518951 0.714445 0.037187 0.015984
0 0.315167 0.834695 0.040558 0.017422
0 0.417310 0.852070 0.061004 0.058766
0 0.323449 0.850992 0.076004 0.070484
0 0.270301 0.823086 0.026808 0.032047
0 0.314141 0.257484 0.039129 0.010781
0 0.362902 0.280805 0.037679 0.027922
0 0.066763 0.427109 0.088214 0.060562
1 0.312400 0.618883 0.030960 0.024297
1 0.070145 0.385641 0.038906 0.021125
1 0.219498 0.298727 0.032790 0.018328
2 0.512333 0.732258 0.032567 0.016859
2 0.411931 0.711594 0.043192 0.025344
0 0.304732 0.811312 0.052411 0.044812
0 0.368449 0.809969 0.064174 0.033469
2 0.396730 0.631695 0.089531 0.032797
2 0.446272 0.776031 0.042902 0.024438
2 0.256161 0.735828 0.119464 0.097469
2 0.154531 0.732719 0.050893 0.085406
2 0.193650 0.416125 0.031540 0.017938
2 0.396853 0.642813 0.040446 0.013156
1 0.033527 0.375281 0.017366 0.021937
1 0.231730 0.596531 0.030826 0.017656
1 0.231540 0.554484 0.021384 0.025250
2 0.249442 0.779422 0.033482 0.015156
