1 0.645583 0.853539 0.199542 0.137516
0 0.774281 0.601617 0.145271 0.218578
0 0.525844 0.291578 0.122854 0.226969
0 0.412469 0.330070 0.050896 0.147547
0 0.375365 0.142727 0.099312 0.117984
0 0.889385 0.576125 0.140521 0.233188
0 0.902406 0.365984 0.195187 0.252250
0 0.489000 0.546547 0.121083 0.160094
0 0.695135 0.302242 0.107854 0.235953
0 0.723729 0.641891 0.384375 0.371625
0 0.606740 0.323227 0.116854 0.265172
0 0.312406 0.362711 0.065021 0.099609
0 0.780781 0.324320 0.120104 0.290547
0 0.427813 0.146914 0.087833 0.070672
