0 0.419396 0.501938 0.055333 0.022875
0 0.487740 0.508414 0.027563 0.019141
0 0.473979 0.511555 0.014125 0.016109
0 0.410927 0.494344 0.017604 0.006563
0 0.388333 0.501883 0.007500 0.011984
1 0.611771 0.819992 0.053625 0.039484
1 0.532406 0.728516 0.172813 0.047750
1 0.643792 0.795359 0.056708 0.030281
1 0.587823 0.836109 0.063854 0.044812
1 0.531615 0.838859 0.049188 0.036594
1 0.542500 0.860617 0.048833 0.028953
1 0.663844 0.817430 0.193313 0.104766
1 0.508885 0.548727 0.123687 0.019266
1 0.490042 0.850648 0.058875 0.033766
1 0.383167 0.803367 0.251250 0.127922
1 0.352448 0.534000 0.141021 0.034875
1 0.386312 0.560641 0.125958 0.020563
2 0.173000 0.618133 0.154042 0.056359
2 0.307073 0.632930 0.092479 0.048484
2 0.389917 0.628508 0.037458 0.023609
0 0.391813 0.493578 0.019208 0.013844
1 0.056365 0.816812 0.075396 0.044281
